Date,Open,High,Low,Close,Adj Close,Volume
2000-01-03,3.745536,4.017857,3.631696,3.997768,3.478462,133949200
2000-01-04,3.866071,3.950893,3.613839,3.660714,3.185191,128094400
2000-01-05,3.705357,3.948661,3.678571,3.714286,3.231803,194580400
2000-01-06,3.790179,3.821429,3.392857,3.392857,2.952128,191993200
2000-01-07,3.446429,3.607143,3.410714,3.553571,3.091966,115183600
2000-01-10,3.642857,3.651786,3.383929,3.491071,3.037585,126266000
2000-01-11,3.426339,3.549107,3.232143,3.312500,2.882209,110387200
2000-01-12,3.392857,3.410714,3.089286,3.113839,2.709354,244017200
2000-01-13,3.374442,3.526786,3.303571,3.455357,3.006510,258171200
2000-01-14,3.571429,3.651786,3.549107,3.587054,3.121099,97594000
2000-01-18,3.607143,3.785714,3.587054,3.712054,3.229861,114794400
2000-01-19,3.772321,3.883929,3.691964,3.805804,3.311433,149410800
2000-01-20,4.125000,4.339286,4.053571,4.053571,3.527016,457783200
2000-01-21,4.080357,4.080357,3.935268,3.975446,3.459039,123981200
2000-01-24,3.872768,4.026786,3.754464,3.794643,3.301722,110219200
2000-01-25,3.750000,4.040179,3.656250,4.008929,3.488172,124286400
2000-01-26,3.928571,4.078125,3.919643,3.935268,3.424081,91789600
2000-01-27,3.886161,4.035714,3.821429,3.928571,3.418254,85036000
2000-01-28,3.863839,3.959821,3.593750,3.629464,3.158000,105837200
2000-01-31,3.607143,3.709821,3.375000,3.705357,3.224035,175420000
2000-02-01,3.714286,3.750000,3.571429,3.580357,3.115272,79508800
2000-02-02,3.598214,3.647321,3.464286,3.529018,3.070602,116048800
2000-02-03,3.582589,3.723214,3.580357,3.689732,3.210440,118798400
2000-02-04,3.712054,3.928571,3.700893,3.857143,3.356104,106330000
2000-02-07,3.857143,4.080357,3.783482,4.073661,3.544496,110266800
2000-02-08,4.071429,4.147321,3.973214,4.102679,3.569745,102160800
2000-02-09,4.075893,4.183036,4.015625,4.022321,3.499825,74841200
2000-02-10,4.031250,4.066964,3.928571,4.053571,3.527016,75745600
2000-02-11,4.058036,4.075893,3.866071,3.883929,3.379410,53062800
2000-02-14,3.904018,4.138393,3.879464,4.136161,3.598878,91884800
2000-02-15,4.116071,4.283482,4.113839,4.250000,3.697929,121436000
2000-02-16,4.205357,4.218750,4.004464,4.075893,3.546439,94561600
2000-02-17,4.113839,4.125000,4.040179,4.102679,3.569745,72374400
2000-02-18,4.093750,4.120536,3.959821,3.973214,3.457098,58360400
2000-02-22,3.933036,4.176339,3.810268,4.064732,3.536727,105574000
2000-02-23,4.044085,4.250000,3.964286,4.151786,3.612473,118274800
2000-02-24,4.189732,4.254464,3.991071,4.114398,3.579942,94108000
2000-02-25,4.100446,4.178571,3.933036,3.941964,3.429907,62286000
2000-02-28,3.933036,4.107143,3.870536,4.044643,3.519247,82082000
2000-02-29,4.055804,4.187500,4.020089,4.093750,3.561976,92240400
2000-03-01,4.234375,4.716518,4.232143,4.654018,4.049466,269250800
2000-03-02,4.535714,4.569196,4.310268,4.357143,3.791155,77814800
2000-03-03,4.459821,4.579799,4.285714,4.571429,3.977604,80841600
2000-03-06,4.500000,4.611607,4.464286,4.488839,3.905743,52640000
2000-03-07,4.515625,4.551339,4.325893,4.388393,3.818345,68252800
2000-03-08,4.388393,4.426339,4.234375,4.357143,3.791155,67807600
2000-03-09,4.316964,4.464286,4.223214,4.366071,3.798923,69179600
2000-03-10,4.345982,4.569196,4.321429,4.491071,3.907685,62151600
2000-03-13,4.361607,4.517857,4.267857,4.332589,3.769789,75989200
2000-03-14,4.329241,4.437500,4.071429,4.080357,3.550323,107144800
2000-03-15,4.129464,4.294643,4.075893,4.151786,3.612473,110902400
2000-03-16,4.189732,4.357143,4.089286,4.341518,3.777559,94525200
2000-03-17,4.290179,4.464286,4.272321,4.464286,3.884379,76260800
2000-03-20,4.410714,4.508929,4.370536,4.392857,3.822230,51122400
2000-03-21,4.377232,4.883929,4.343750,4.819196,4.193187,131082000
2000-03-22,4.742188,5.156250,4.698661,5.149554,4.480631,141999200
2000-03-23,5.071429,5.370536,5.000000,5.046875,4.391290,140641200
2000-03-24,5.087054,5.140625,4.839286,4.953125,4.309718,111728400
2000-03-27,4.915179,5.169643,4.888393,4.984375,4.336909,69795600
2000-03-28,4.901786,5.071429,4.897321,4.968750,4.323314,50741600
2000-03-29,4.977679,4.979911,4.779576,4.854911,4.224262,59959200
2000-03-30,4.770089,4.917411,4.479911,4.491071,3.907685,103600000
2000-03-31,4.551339,4.901786,4.500000,4.850446,4.220376,101158400
2000-04-03,4.839286,4.982143,4.622768,4.761161,4.142690,82140800
2000-04-04,4.736607,4.750000,4.169643,4.546875,3.956239,165082400
2000-04-05,4.516741,4.745536,4.428571,4.656250,4.051407,114416400
2000-04-06,4.665179,4.803571,4.401786,4.470982,3.890205,64906800
2000-04-07,4.544643,4.709821,4.482143,4.705357,4.094135,60608800
2000-04-10,4.703125,4.741071,4.455357,4.464286,3.884379,53065600
2000-04-11,4.410714,4.459821,4.216518,4.265625,3.711524,135455600
2000-04-12,4.250000,4.250000,3.745536,3.901786,3.394947,235284000
2000-04-13,3.982143,4.285714,3.875000,4.064732,3.536727,132456800
2000-04-14,3.904018,4.214286,3.892857,3.995536,3.476519,166905200
2000-04-17,3.910714,4.426339,3.895089,4.424107,3.849420,102390400
2000-04-18,4.410714,4.531250,4.263393,4.531250,3.942645,97731200
2000-04-19,4.506696,4.651786,4.276786,4.325893,3.763964,130037600
2000-04-20,4.417411,4.455357,4.180804,4.245536,3.694045,180530000
2000-04-24,4.107143,4.303571,4.098214,4.303571,3.744542,110905200
2000-04-25,4.361607,4.598214,4.359375,4.582589,3.987317,97910400
2000-04-26,4.522321,4.571429,4.285714,4.332589,3.769789,91728000
2000-04-27,4.185268,4.535714,4.163505,4.526786,3.938760,81650800
2000-04-28,4.540179,4.553571,4.332589,4.430804,3.855247,62395200
2000-05-01,4.459821,4.468750,4.352679,4.439732,3.863015,56548800
2000-05-02,4.401786,4.508929,4.196429,4.209821,3.662970,59108000
2000-05-03,4.247768,4.330357,3.986607,4.109375,3.575571,122449600
2000-05-04,4.111607,4.116071,3.948661,3.953125,3.439618,99878800
2000-05-05,3.957589,4.098214,3.954241,4.040179,3.515363,71019200
2000-05-08,4.003348,4.060268,3.928571,3.933036,3.422137,46225200
2000-05-09,3.939732,3.973214,3.745536,3.765625,3.276474,81785200
2000-05-10,3.716518,3.750000,3.526786,3.546875,3.086139,133772800
2000-05-11,3.620536,3.723214,3.535714,3.671875,3.194901,124936000
2000-05-12,3.785714,3.946429,3.741629,3.843750,3.344450,76728400
2000-05-15,3.859375,3.859375,3.575893,3.607143,3.138578,169733200
2000-05-16,3.732701,3.895089,3.669643,3.774554,3.284243,110112800
2000-05-17,3.700893,3.703125,3.584821,3.620536,3.150232,99523200
2000-05-18,3.678571,3.747768,3.593750,3.598214,3.130809,93444400
2000-05-19,3.544643,3.544643,3.334821,3.357143,2.921053,185166800
2000-05-22,3.348214,3.348214,3.071429,3.212054,2.794811,188876800
2000-05-23,3.232143,3.334821,3.058036,3.064732,2.666627,129396400
2000-05-24,3.078125,3.205357,2.964286,3.131696,2.724892,169615600
2000-05-25,3.160714,3.309152,3.071429,3.116629,2.711782,101687600
2000-05-26,3.142857,3.209821,3.044643,3.084821,2.684106,45287200
2000-05-30,3.129464,3.147321,2.919643,3.127232,2.721008,178264800
2000-05-31,3.102679,3.258929,2.993304,3.000000,2.610303,108376800
2000-06-01,2.919643,3.198661,2.870536,3.183036,2.769563,225960000
2000-06-02,3.348214,3.562500,3.178571,3.305804,2.876383,198212000
2000-06-05,3.332589,3.401786,3.203125,3.261161,2.837538,80917200
2000-06-06,3.284598,3.455357,3.225446,3.316964,2.886094,131370400
2000-06-07,3.343750,3.464286,3.272321,3.448661,3.000683,84254800
2000-06-08,3.486607,3.517857,3.325893,3.386161,2.946301,59631600
2000-06-09,3.455357,3.497768,3.370536,3.419643,2.975435,63089600
2000-06-12,3.441964,3.444196,3.245536,3.256696,2.833654,72584400
2000-06-13,3.256696,3.381696,3.149554,3.375000,2.936591,87864000
2000-06-14,3.381696,3.437500,3.218750,3.229911,2.810349,69361600
2000-06-15,3.258929,3.334821,3.178571,3.299107,2.870556,62143200
2000-06-16,3.339286,3.348214,3.180804,3.256696,2.833654,75891200
2000-06-19,3.234375,3.495536,3.207589,3.450893,3.002625,98501200
2000-06-20,3.517857,3.712054,3.513393,3.616071,3.146347,125347600
2000-06-21,3.607143,4.066964,3.593750,3.973214,3.457098,122500000
2000-06-22,3.982143,4.116071,3.825893,3.839286,3.340566,116928000
2000-06-23,3.841518,3.901786,3.629464,3.691964,3.212381,51241400
2000-06-26,3.750000,3.910714,3.723214,3.866071,3.363872,46338600
2000-06-27,3.841518,3.964286,3.687500,3.696429,3.216266,50867600
2000-06-28,3.808036,3.955357,3.678571,3.888393,3.383294,71607200
2000-06-29,3.790179,3.852679,3.647321,3.660714,3.185191,50915200
2000-06-30,3.772321,3.924107,3.691964,3.741071,3.255110,80774400
2000-07-03,3.723214,3.879464,3.723214,3.808036,3.313375,17707200
2000-07-05,3.803571,3.941964,3.625000,3.687500,3.208497,66304000
2000-07-06,3.750000,3.781250,3.544643,3.700893,3.220150,77386400
2000-07-07,3.756696,3.915179,3.723214,3.888393,3.383294,65900800
2000-07-10,3.863839,4.160714,3.839286,4.080357,3.550323,99449000
2000-07-11,4.071429,4.232143,3.959821,4.066964,3.538669,89474000
2000-07-12,4.151786,4.209821,4.026786,4.205357,3.659086,56358400
2000-07-13,4.178571,4.330357,3.910714,4.035714,3.511479,111414800
2000-07-14,4.080357,4.214286,4.062500,4.120536,3.585282,47569200
2000-07-17,4.160714,4.200893,4.080357,4.165179,3.624126,65000600
2000-07-18,4.178571,4.205357,4.062500,4.089286,3.558092,79601200
2000-07-19,3.941964,4.058036,3.696429,3.763393,3.274532,114468200
2000-07-20,3.928571,4.075893,3.866071,3.937500,3.426022,116393200
2000-07-21,3.882813,3.973214,3.781250,3.825893,3.328913,49058800
2000-07-24,3.754464,3.776786,3.392857,3.477679,3.025932,103042800
2000-07-25,3.593750,3.616071,3.504464,3.575893,3.111388,52901800
2000-07-26,3.560268,3.660714,3.517857,3.575893,3.111388,52617600
2000-07-27,3.571429,3.803571,3.562500,3.714286,3.231803,73746400
2000-07-28,3.734375,3.750000,3.348214,3.450893,3.002625,59473400
2000-07-31,3.511161,3.687500,3.482143,3.629464,3.158000,38824800
2000-08-01,3.593750,3.654018,3.517857,3.522321,3.064775,34321000
2000-08-02,3.500000,3.566964,3.370536,3.375000,2.936591,40588800
2000-08-03,3.254464,3.433036,3.160714,3.428571,2.983203,84974400
2000-08-04,3.533482,3.660714,3.308036,3.383929,2.944359,65780400
2000-08-07,3.419643,3.504464,3.370536,3.424107,2.979319,46837000
2000-08-08,3.424107,3.428571,3.308036,3.339286,2.905516,44168600
2000-08-09,3.437500,3.459821,3.375000,3.392857,2.952128,94910200
2000-08-10,3.428571,3.459821,3.383929,3.397321,2.956012,62928600
2000-08-11,3.345982,3.428571,3.254464,3.406250,2.963781,59514000
2000-08-14,3.399554,3.406250,3.308036,3.361607,2.924938,39165000
2000-08-15,3.375000,3.424107,3.321429,3.334821,2.901631,28550200
2000-08-16,3.348214,3.500000,3.343750,3.464286,3.014278,35918400
2000-08-17,3.455357,3.745536,3.450893,3.674107,3.196843,67725000
2000-08-18,3.669643,3.700893,3.562500,3.571429,3.107503,47544000
2000-08-21,3.589286,3.683036,3.544643,3.607143,3.138578,33616800
2000-08-22,3.616071,3.772321,3.598214,3.691964,3.212381,69200600
2000-08-23,3.676339,3.910714,3.647321,3.879464,3.375525,59215800
2000-08-24,3.905134,4.044643,3.812500,4.007813,3.487202,77691600
2000-08-25,4.035714,4.107143,4.026786,4.058036,3.530900,83615000
2000-08-28,4.089286,4.214286,4.075893,4.147321,3.608589,89751200
2000-08-29,4.133929,4.245536,4.120536,4.227679,3.678507,66757600
2000-08-30,4.214286,4.285714,4.193080,4.250000,3.697929,71348200
2000-08-31,4.212054,4.392857,4.209821,4.352679,3.787270,104899200
2000-09-01,4.379464,4.544643,4.366071,4.531250,3.942645,64218000
2000-09-05,4.475446,4.580357,4.446429,4.459821,3.880494,74660600
2000-09-06,4.383929,4.455357,4.125000,4.174107,3.631894,88851000
2000-09-07,4.223214,4.468750,4.160714,4.428571,3.853305,54366200
2000-09-08,4.401786,4.401786,4.178571,4.205357,3.659086,48879600
2000-09-11,4.191964,4.312500,4.151786,4.174107,3.631894,46845400
2000-09-12,4.095982,4.290179,4.071429,4.125000,3.589166,46999400
2000-09-13,4.053571,4.250000,4.053571,4.142857,3.604704,76496000
2000-09-14,4.183036,4.258929,4.058036,4.061384,3.533814,106638000
2000-09-15,4.125000,4.156250,3.875000,3.945313,3.432820,98628600
2000-09-18,3.946429,4.339286,3.933036,4.332589,3.769789,106134000
2000-09-19,4.267857,4.321429,4.183036,4.281250,3.725120,67877600
2000-09-20,4.243304,4.388393,4.183036,4.360491,3.794067,56847000
2000-09-21,4.178571,4.258929,3.946429,4.049107,3.523132,127622600
2000-09-22,3.593750,3.745536,3.571429,3.727679,3.243457,181675200
2000-09-25,3.767857,3.964286,3.718750,3.821429,3.325029,108887800
2000-09-26,3.808036,3.910714,3.669643,3.674107,3.196843,72734200
2000-09-27,3.696429,3.767857,3.446429,3.495536,3.041469,100564800
2000-09-28,3.522321,3.843750,3.437500,3.821429,3.325029,244896400
2000-09-29,2.013393,2.071429,1.812500,1.839286,1.600364,1855410200
2000-10-02,1.906250,1.910714,1.678571,1.732143,1.507139,606197200
2000-10-03,1.781250,1.785714,1.584821,1.593750,1.386723,509530000
2000-10-04,1.598214,1.696429,1.562500,1.687500,1.468295,366506000
2000-10-05,1.678571,1.750000,1.571429,1.575893,1.371186,218251600
2000-10-06,1.620536,1.638393,1.500000,1.584821,1.378954,153164200
2000-10-09,1.616071,1.633929,1.508929,1.553571,1.351764,149391200
2000-10-10,1.544643,1.602679,1.464286,1.491071,1.297383,172775400
2000-10-11,1.437500,1.500000,1.366071,1.401786,1.219695,299605600
2000-10-12,1.450893,1.486607,1.392857,1.428571,1.243002,297766000
2000-10-13,1.446429,1.580357,1.428571,1.575893,1.371186,311938200
2000-10-16,1.593750,1.660714,1.526786,1.535714,1.336227,205044000
2000-10-17,1.549107,1.566964,1.406250,1.437500,1.250770,150430000
2000-10-18,1.388393,1.504464,1.339286,1.437500,1.250770,208566400
2000-10-19,1.368304,1.415179,1.308036,1.352679,1.176967,376681200
2000-10-20,1.361607,1.455357,1.352679,1.392857,1.211926,197815800
2000-10-23,1.447545,1.468750,1.388393,1.455357,1.266308,137823000
2000-10-24,1.477679,1.491071,1.343750,1.348214,1.173082,201112800
2000-10-25,1.361607,1.370536,1.316964,1.321429,1.149776,165992400
2000-10-26,1.343750,1.348214,1.250000,1.321429,1.149776,180462800
2000-10-27,1.348214,1.370536,1.276786,1.325893,1.153661,186125800
2000-10-30,1.366071,1.424107,1.339286,1.379464,1.200273,159797400
2000-10-31,1.410714,1.446429,1.375000,1.397321,1.215811,221470200
2000-11-01,1.388393,1.491071,1.388393,1.464286,1.274076,143841600
2000-11-02,1.508929,1.602679,1.504464,1.593750,1.386723,147673400
2000-11-03,1.642857,1.642857,1.566964,1.589286,1.382839,128955400
2000-11-06,1.602679,1.616071,1.491071,1.531250,1.332342,98369600
2000-11-07,1.535714,1.558036,1.486607,1.522321,1.324573,75490800
2000-11-08,1.526786,1.531250,1.415179,1.433036,1.246886,105522200
2000-11-09,1.419643,1.464286,1.361607,1.441964,1.254654,119208600
2000-11-10,1.382813,1.419643,1.361607,1.361607,1.184736,105562800
2000-11-13,1.339286,1.428571,1.303571,1.383929,1.204157,107954000
2000-11-14,1.424107,1.464286,1.397321,1.446429,1.258539,102250400
2000-11-15,1.430804,1.441964,1.375000,1.419643,1.235233,70589400
2000-11-16,1.392857,1.415179,1.348214,1.357143,1.180851,59843000
2000-11-17,1.370536,1.375000,1.303571,1.321429,1.149776,111545000
2000-11-20,1.328125,1.392857,1.303571,1.352679,1.176967,102016600
2000-11-21,1.370536,1.392857,1.339286,1.343750,1.169198,75488000
2000-11-22,1.343750,1.366071,1.312500,1.321429,1.149776,70133000
2000-11-24,1.347098,1.392857,1.343750,1.379464,1.200273,40233200
2000-11-27,1.419643,1.424107,1.321429,1.334821,1.161429,64698200
2000-11-28,1.334821,1.357143,1.281250,1.287946,1.120643,67281200
2000-11-29,1.292411,1.308036,1.232143,1.254464,1.091511,123037600
2000-11-30,1.191964,1.214286,1.151786,1.178571,1.025476,202399400
2000-12-01,1.214286,1.250000,1.200893,1.218750,1.060436,96426400
2000-12-04,1.227679,1.227679,1.174107,1.191964,1.037129,92880200
2000-12-05,1.209821,1.245536,1.169643,1.214286,1.056551,153494600
2000-12-06,1.044643,1.071429,1.000000,1.022321,0.889523,343616000
2000-12-07,1.031250,1.062500,1.000000,1.022321,0.889523,102229400
2000-12-08,1.058036,1.093750,1.031250,1.075893,0.936135,108906000
2000-12-11,1.084821,1.098214,1.062500,1.084821,0.943904,83127800
2000-12-12,1.089286,1.142857,1.071429,1.098214,0.955557,96565000
2000-12-13,1.111607,1.111607,1.062500,1.071429,0.932251,86221800
2000-12-14,1.073661,1.089286,1.031250,1.031250,0.897291,65829400
2000-12-15,1.040179,1.049107,1.000000,1.004464,0.873985,128486400
2000-12-18,1.040179,1.044643,0.995536,1.017857,0.885639,81452000
2000-12-19,1.026786,1.089286,1.000000,1.000000,0.870101,93501800
2000-12-20,0.984375,1.044643,0.973214,1.026786,0.893407,141332800
2000-12-21,1.017857,1.071429,0.991071,1.004464,0.873985,91711200
2000-12-22,1.008929,1.071429,1.008929,1.071429,0.932251,79513000
2000-12-26,1.062500,1.071429,1.017857,1.049107,0.912829,54203800
2000-12-27,1.024554,1.058036,1.013393,1.058036,0.920598,81366600
2000-12-28,1.026786,1.066964,1.022321,1.058036,0.920598,76294400
2000-12-29,1.049107,1.071429,1.035714,1.062500,0.924482,157584000
2001-01-02,1.062500,1.089286,1.040179,1.062500,0.924482,113078000
2001-01-03,1.035714,1.191964,1.031250,1.169643,1.017707,204268400
2001-01-04,1.295759,1.321429,1.200893,1.218750,1.060436,184849000
2001-01-05,1.209821,1.241071,1.147321,1.169643,1.017707,103089000
2001-01-08,1.209821,1.213170,1.138393,1.183036,1.029361,93424800
2001-01-09,1.200893,1.260045,1.183036,1.227679,1.068204,147232400
2001-01-10,1.191964,1.214286,1.147321,1.183036,1.029361,145195400
2001-01-11,1.160714,1.321429,1.160714,1.285714,1.118701,200933600
2001-01-12,1.276786,1.285714,1.218750,1.227679,1.068204,105844200
2001-01-16,1.245536,1.303571,1.214286,1.223214,1.064320,76529600
2001-01-17,1.254464,1.254464,1.178571,1.200893,1.044898,210218400
2001-01-18,1.272321,1.339286,1.258929,1.334821,1.161429,306752600
2001-01-19,1.388393,1.397321,1.334821,1.392857,1.211926,194166000
2001-01-22,1.361607,1.401786,1.316964,1.375000,1.196389,129831800
2001-01-23,1.379464,1.495536,1.361607,1.464286,1.274076,219882600
2001-01-24,1.473214,1.477679,1.397321,1.464286,1.274076,179272800
2001-01-25,1.468750,1.468750,1.410714,1.424107,1.239117,122427200
2001-01-26,1.392857,1.415179,1.361607,1.397321,1.215811,120705200
2001-01-29,1.397321,1.553571,1.397321,1.549107,1.347880,213882200
2001-01-30,1.540179,1.571429,1.491071,1.553571,1.351764,173105800
2001-01-31,1.535714,1.607143,1.531250,1.544643,1.343995,182676200
2001-02-01,1.477679,1.535714,1.464286,1.508929,1.312920,92423800
2001-02-02,1.508929,1.566964,1.464286,1.473214,1.281845,106835400
2001-02-05,1.464286,1.468750,1.410714,1.441964,1.254654,71528800
2001-02-06,1.439732,1.527902,1.428571,1.508929,1.312920,115677800
2001-02-07,1.475446,1.491071,1.415179,1.482143,1.289614,98471800
2001-02-08,1.468750,1.504464,1.441964,1.482143,1.289614,151032000
2001-02-09,1.464286,1.486607,1.334821,1.366071,1.188620,147520800
2001-02-12,1.361607,1.428571,1.343750,1.406250,1.223579,68530000
2001-02-13,1.424107,1.459821,1.357143,1.366071,1.188620,59267600
2001-02-14,1.370536,1.401786,1.321429,1.392857,1.211926,77280000
2001-02-15,1.406250,1.468750,1.406250,1.433036,1.246886,77854000
2001-02-16,1.357143,1.392857,1.339286,1.357143,1.180851,65977800
2001-02-20,1.370536,1.388393,1.299107,1.308036,1.138123,78723400
2001-02-21,1.303571,1.424107,1.303571,1.348214,1.173082,97564600
2001-02-22,1.361607,1.383929,1.285714,1.343750,1.169198,107990400
2001-02-23,1.330357,1.348214,1.303571,1.343750,1.169198,73466400
2001-02-26,1.361607,1.406250,1.325893,1.392857,1.211926,51609600
2001-02-27,1.377232,1.388393,1.334821,1.383929,1.204157,87129000
2001-02-28,1.383929,1.388393,1.294643,1.303571,1.134239,127058400
2001-03-01,1.272321,1.339286,1.227679,1.339286,1.165314,82615400
2001-03-02,1.308036,1.459821,1.303571,1.375000,1.196389,101550400
2001-03-05,1.383929,1.464286,1.375000,1.455357,1.266308,81043200
2001-03-06,1.479911,1.575893,1.477679,1.535714,1.336227,182950600
2001-03-07,1.522321,1.544643,1.482143,1.517857,1.320689,104885200
2001-03-08,1.477679,1.508929,1.459821,1.486607,1.293498,51214800
2001-03-09,1.473214,1.477679,1.428571,1.446429,1.258539,74783800
2001-03-12,1.406250,1.419643,1.294643,1.330357,1.157545,97755000
2001-03-13,1.348214,1.397321,1.299107,1.397321,1.215811,110832400
2001-03-14,1.321429,1.464286,1.316964,1.459821,1.270192,119443800
2001-03-15,1.491071,1.526786,1.406250,1.406250,1.223579,132329400
2001-03-16,1.357143,1.450893,1.348214,1.401786,1.219695,117579000
2001-03-19,1.410714,1.473214,1.392857,1.468750,1.277961,89002200
2001-03-20,1.479911,1.495536,1.406250,1.406250,1.223579,124801600
2001-03-21,1.412946,1.491071,1.383929,1.437500,1.250770,92843800
2001-03-22,1.455357,1.553571,1.441964,1.544643,1.343995,180825400
2001-03-23,1.575893,1.683036,1.571429,1.642857,1.429451,236222000
2001-03-26,1.652143,1.696429,1.509286,1.555714,1.353629,183612800
2001-03-27,1.567143,1.646429,1.564286,1.633571,1.421372,135955400
2001-03-28,1.577143,1.607143,1.535714,1.583571,1.377867,146165600
2001-03-29,1.555000,1.675000,1.535714,1.609286,1.400241,153266400
2001-03-30,1.610714,1.622857,1.524286,1.576429,1.371652,100087400
2001-04-02,1.577857,1.618571,1.528571,1.542143,1.341820,85227800
2001-04-03,1.525714,1.528571,1.437857,1.445714,1.257917,92171800
2001-04-04,1.411429,1.446429,1.339286,1.392857,1.211926,171371200
2001-04-05,1.471429,1.607143,1.428571,1.490714,1.297072,111690600
2001-04-06,1.485714,1.502857,1.421429,1.470714,1.279670,81222400
2001-04-09,1.477857,1.524286,1.432857,1.467143,1.276562,66645600
2001-04-10,1.492857,1.621429,1.484286,1.574286,1.369788,114343600
2001-04-11,1.641429,1.642857,1.520000,1.557143,1.354871,83524000
2001-04-12,1.530000,1.644286,1.510714,1.601429,1.393404,74733400
2001-04-16,1.577857,1.600000,1.490000,1.531429,1.332497,71306200
2001-04-17,1.514286,1.515000,1.400000,1.457143,1.267861,171299800
2001-04-18,1.540714,1.720000,1.505714,1.627857,1.416400,275210600
2001-04-19,1.825000,1.839286,1.685714,1.837143,1.598500,468417600
2001-04-20,1.780714,1.830714,1.757143,1.788571,1.556238,173350800
2001-04-23,1.738571,1.785714,1.714286,1.732143,1.507139,135381400
2001-04-24,1.737857,1.767857,1.679286,1.716429,1.493466,94284400
2001-04-25,1.729286,1.775714,1.683571,1.765714,1.536350,82695200
2001-04-26,1.797857,1.864286,1.762857,1.763571,1.534485,199924200
2001-04-27,1.800000,1.877857,1.767857,1.871429,1.628332,113253000
2001-04-30,1.907143,1.937143,1.776429,1.820714,1.584205,123694200
2001-05-01,1.815000,1.892857,1.800000,1.852143,1.611551,106813000
2001-05-02,1.881429,1.907143,1.840000,1.899286,1.652570,92131200
2001-05-03,1.855000,1.875000,1.766429,1.782857,1.551266,75385800
2001-05-04,1.731429,1.846429,1.711429,1.839286,1.600364,70263200
2001-05-07,1.830000,1.840000,1.774286,1.782857,1.551266,69137600
2001-05-08,1.810714,1.817857,1.710714,1.755000,1.527027,78859200
2001-05-09,1.724286,1.753571,1.690714,1.712857,1.490359,81222400
2001-05-10,1.729286,1.750000,1.639286,1.642857,1.429451,72244200
2001-05-11,1.643571,1.677857,1.625714,1.632143,1.420130,50761200
2001-05-14,1.635000,1.691429,1.625000,1.663571,1.447475,77305200
2001-05-15,1.669286,1.821429,1.645714,1.655714,1.440639,59256400
2001-05-16,1.661429,1.750000,1.632143,1.721429,1.497817,80582600
2001-05-17,1.730714,1.737857,1.660714,1.682143,1.463634,83029800
2001-05-18,1.668571,1.688571,1.651429,1.680714,1.462391,39762800
2001-05-21,1.687857,1.707857,1.646429,1.682857,1.464256,115249400
2001-05-22,1.714286,1.723571,1.671429,1.678571,1.460527,103229000
2001-05-23,1.696429,1.696429,1.632857,1.659286,1.443746,70260400
2001-05-24,1.663571,1.664286,1.615714,1.657143,1.441882,67939200
2001-05-25,1.657143,1.663571,1.607143,1.625714,1.414536,39685800
2001-05-29,1.594286,1.607143,1.486429,1.533571,1.334362,128997400
2001-05-30,1.482857,1.482857,1.378571,1.412857,1.229328,194269600
2001-05-31,1.414286,1.445714,1.392143,1.425000,1.239894,110723200
2001-06-01,1.437857,1.506429,1.427143,1.492143,1.298315,114018800
2001-06-04,1.505714,1.507857,1.461429,1.475714,1.284021,70480200
2001-06-05,1.485714,1.507143,1.453571,1.495714,1.301423,117948600
2001-06-06,1.495000,1.495000,1.452143,1.480714,1.288371,55794200
2001-06-07,1.479286,1.550000,1.460714,1.547143,1.346170,81295200
2001-06-08,1.546429,1.546429,1.479286,1.522857,1.325039,85656200
2001-06-11,1.503571,1.505000,1.425000,1.431429,1.245487,73500000
2001-06-12,1.412143,1.477857,1.411429,1.450714,1.262268,75948600
2001-06-13,1.530000,1.552143,1.432857,1.462143,1.272212,127871800
2001-06-14,1.431429,1.460714,1.412143,1.420000,1.235543,74337200
2001-06-15,1.435714,1.482143,1.382143,1.460000,1.270347,113656200
2001-06-18,1.457857,1.489286,1.428571,1.452143,1.263511,86478000
2001-06-19,1.489286,1.528571,1.429286,1.442143,1.254810,80271800
2001-06-20,1.428571,1.560714,1.427143,1.547857,1.346792,107905000
2001-06-21,1.539286,1.642857,1.507143,1.606429,1.397755,85332800
2001-06-22,1.605714,1.642857,1.554286,1.590000,1.383460,71506400
2001-06-25,1.607143,1.714286,1.603571,1.713571,1.490980,109887400
2001-06-26,1.667143,1.697857,1.643571,1.696429,1.476064,68195400
2001-06-27,1.702143,1.714286,1.607143,1.667143,1.450583,93532600
2001-06-28,1.646429,1.707857,1.638571,1.681429,1.463013,87102400
2001-06-29,1.690000,1.792857,1.657143,1.660714,1.444989,128847600
2001-07-02,1.688571,1.730714,1.652857,1.707143,1.485387,57512000
2001-07-03,1.679286,1.727143,1.678571,1.702857,1.481658,28135800
2001-07-05,1.685714,1.697857,1.643571,1.656429,1.441260,38073000
2001-07-06,1.625714,1.640000,1.551429,1.573571,1.369166,75730200
2001-07-09,1.577857,1.642857,1.548571,1.621429,1.410806,84366800
2001-07-10,1.639286,1.647857,1.488571,1.510000,1.313852,98817600
2001-07-11,1.502143,1.610714,1.500000,1.610000,1.400863,117626600
2001-07-12,1.664286,1.772143,1.664286,1.740000,1.513975,153700400
2001-07-13,1.723571,1.786429,1.702857,1.775000,1.544429,113685600
2001-07-16,1.777143,1.792857,1.707857,1.711429,1.489115,69666800
2001-07-17,1.712857,1.801429,1.643571,1.792857,1.559966,161957600
2001-07-18,1.555714,1.627143,1.458571,1.485000,1.292100,284253200
2001-07-19,1.516429,1.530000,1.410714,1.425714,1.240516,215285000
2001-07-20,1.407143,1.432857,1.392143,1.427143,1.241758,111146000
2001-07-23,1.435000,1.464286,1.393571,1.395714,1.214412,60340000
2001-07-24,1.385000,1.422857,1.337857,1.363571,1.186445,87094000
2001-07-25,1.365714,1.378571,1.283571,1.319286,1.147912,110969600
2001-07-26,1.320000,1.342857,1.275000,1.327857,1.155370,92285200
2001-07-27,1.339286,1.375000,1.321429,1.354286,1.178365,83533800
2001-07-30,1.365714,1.382857,1.322143,1.352143,1.176501,60839800
2001-07-31,1.376429,1.387143,1.322143,1.342143,1.167800,58756600
2001-08-01,1.357857,1.412857,1.353571,1.361429,1.184581,76034000
2001-08-02,1.403571,1.419286,1.375714,1.415714,1.231814,63022400
2001-08-03,1.420714,1.421429,1.357143,1.392857,1.211926,46513600
2001-08-06,1.360000,1.404286,1.357143,1.366429,1.188931,24913000
2001-08-07,1.380714,1.405000,1.355714,1.375000,1.196389,42137200
2001-08-08,1.375714,1.407143,1.324286,1.350000,1.174636,69042400
2001-08-09,1.354286,1.367857,1.337143,1.360714,1.183959,50166200
2001-08-10,1.360000,1.380000,1.327857,1.358571,1.182095,46740400
2001-08-13,1.364286,1.380714,1.340000,1.363571,1.186445,36999200
2001-08-14,1.371429,1.382857,1.333571,1.337857,1.164071,57237600
2001-08-15,1.340000,1.352857,1.300000,1.317143,1.146048,72319800
2001-08-16,1.305000,1.339286,1.283571,1.332143,1.159099,72023000
2001-08-17,1.285714,1.317857,1.285000,1.290714,1.123052,52106600
2001-08-20,1.295714,1.302143,1.272143,1.294286,1.126159,63075600
2001-08-21,1.295714,1.295714,1.264286,1.280000,1.113729,46425400
2001-08-22,1.281429,1.303571,1.257857,1.300714,1.131753,43493800
2001-08-23,1.300000,1.310000,1.255714,1.272143,1.106893,54269600
2001-08-24,1.285714,1.330000,1.260714,1.326429,1.154127,72583000
2001-08-27,1.328571,1.378571,1.297143,1.351429,1.175880,43911000
2001-08-28,1.350000,1.367143,1.314286,1.314286,1.143561,42933800
2001-08-29,1.317143,1.345000,1.273571,1.273571,1.108136,59992800
2001-08-30,1.267143,1.298571,1.234286,1.273571,1.108136,92173200
2001-08-31,1.266429,1.328571,1.260714,1.325000,1.152884,54226200
2001-09-04,1.321429,1.362857,1.298571,1.303571,1.134239,87053400
2001-09-05,1.302857,1.353571,1.294286,1.325000,1.152884,90014400
2001-09-06,1.314286,1.352143,1.260714,1.265714,1.101299,70592200
2001-09-07,1.250000,1.292857,1.228571,1.234286,1.073953,60457600
2001-09-10,1.214286,1.250000,1.208571,1.240714,1.079547,77211400
2001-09-17,1.142857,1.219286,1.123571,1.213571,1.055930,114501800
2001-09-18,1.207143,1.265714,1.155000,1.162857,1.011803,81775400
2001-09-19,1.178571,1.221429,1.114286,1.215714,1.057794,93329600
2001-09-20,1.163571,1.210714,1.107143,1.120000,0.974513,102793600
2001-09-21,1.057143,1.160714,1.048571,1.123571,0.977620,142629200
2001-09-24,1.150714,1.202857,1.139286,1.175000,1.022369,73634400
2001-09-25,1.152857,1.158571,1.096429,1.110000,0.965812,93601200
2001-09-26,1.129286,1.135000,1.066429,1.082143,0.941573,123449200
2001-09-27,1.089286,1.125000,1.085714,1.107857,0.963947,80560200
2001-09-28,1.122143,1.136429,1.099286,1.107857,0.963947,91277200
2001-10-01,1.106429,1.142143,1.087857,1.110000,0.965812,52052000
2001-10-02,1.102143,1.130714,1.062857,1.075000,0.935358,58970800
2001-10-03,1.067857,1.097143,1.059286,1.070000,0.931008,170760800
2001-10-04,1.096429,1.160714,1.070714,1.134286,0.986943,100280600
2001-10-05,1.100000,1.153571,1.070714,1.152857,1.003102,85671600
2001-10-08,1.112143,1.167857,1.107143,1.157143,1.006831,51996000
2001-10-09,1.146429,1.157143,1.116429,1.142857,0.994401,43506400
2001-10-10,1.150000,1.203571,1.139286,1.201429,1.045364,76939800
2001-10-11,1.208571,1.267143,1.203571,1.267143,1.102542,83540800
2001-10-12,1.236429,1.291429,1.204286,1.286429,1.119323,71953000
2001-10-15,1.282143,1.312857,1.282143,1.285000,1.118080,79688000
2001-10-16,1.292143,1.300000,1.269286,1.286429,1.119323,50737400
2001-10-17,1.310000,1.315000,1.211429,1.213571,1.055930,71384600
2001-10-18,1.235000,1.302143,1.235000,1.285714,1.118701,153143200
2001-10-19,1.281429,1.314286,1.277143,1.307143,1.137346,41697600
2001-10-22,1.300714,1.362143,1.292143,1.358571,1.182095,97984600
2001-10-23,1.365714,1.387143,1.276429,1.295714,1.127402,171245200
2001-10-24,1.290000,1.363571,1.267857,1.353571,1.177744,93606800
2001-10-25,1.317143,1.375000,1.297143,1.370714,1.192660,63737800
2001-10-26,1.347143,1.375000,1.330000,1.333571,1.160342,69741000
2001-10-29,1.326429,1.333571,1.257143,1.259286,1.095706,59795400
2001-10-30,1.241429,1.285714,1.218571,1.257143,1.093841,69190800
2001-10-31,1.266429,1.314286,1.245714,1.254286,1.091355,68437600
2001-11-01,1.260714,1.341429,1.232143,1.327857,1.155370,78248800
2001-11-02,1.322857,1.347143,1.297143,1.326429,1.154127,49301000
2001-11-05,1.345714,1.375000,1.329286,1.362143,1.185202,58948400
2001-11-06,1.354286,1.401429,1.323571,1.397857,1.216277,79004800
2001-11-07,1.390000,1.437857,1.380714,1.399286,1.217520,95747400
2001-11-08,1.402143,1.420714,1.326429,1.336429,1.162828,85535800
2001-11-09,1.328571,1.375000,1.325000,1.336429,1.162828,33573400
2001-11-12,1.332857,1.369286,1.282857,1.339286,1.165314,50374800
2001-11-13,1.362857,1.385000,1.336429,1.383571,1.203847,56168000
2001-11-14,1.399286,1.421429,1.367857,1.400714,1.218763,55287400
2001-11-15,1.389286,1.421429,1.373571,1.389286,1.208819,53257400
2001-11-16,1.376429,1.377857,1.314286,1.355000,1.178987,57666000
2001-11-19,1.357143,1.432143,1.354286,1.428571,1.243002,83147400
2001-11-20,1.415714,1.442857,1.392857,1.395000,1.213791,69146000
2001-11-21,1.400714,1.414286,1.375714,1.405714,1.223113,50395800
2001-11-23,1.407857,1.425000,1.397857,1.417143,1.233057,15001000
2001-11-26,1.424286,1.539286,1.420000,1.526429,1.328147,115172400
2001-11-27,1.514286,1.537143,1.464286,1.500000,1.305151,67138400
2001-11-28,1.489286,1.515000,1.457857,1.466429,1.275941,62652800
2001-11-29,1.471429,1.478571,1.442143,1.458571,1.269104,50691200
2001-11-30,1.462143,1.531429,1.446429,1.521429,1.323797,75978000
2001-12-03,1.504286,1.520000,1.471429,1.503571,1.308259,45291400
2001-12-04,1.503571,1.611429,1.480000,1.600000,1.392162,95104800
2001-12-05,1.597143,1.716429,1.583571,1.697143,1.476686,142144800
2001-12-06,1.677143,1.678571,1.581429,1.627143,1.415778,84733600
2001-12-07,1.604286,1.622143,1.571429,1.610000,1.400863,50878800
2001-12-10,1.592143,1.642143,1.587857,1.610000,1.400863,42502600
2001-12-11,1.619286,1.632143,1.546429,1.555714,1.353629,51368800
2001-12-12,1.562143,1.565714,1.517857,1.535000,1.335605,48115200
2001-12-13,1.535000,1.539286,1.464286,1.500000,1.305151,49460600
2001-12-14,1.480714,1.487857,1.435000,1.456429,1.267240,47471200
2001-12-17,1.457143,1.500000,1.442143,1.472857,1.281534,43428000
2001-12-18,1.492143,1.523571,1.444286,1.500714,1.305773,58809800
2001-12-19,1.470000,1.548571,1.462143,1.544286,1.343684,72489200
2001-12-20,1.528571,1.533571,1.472857,1.476429,1.284642,55216000
2001-12-21,1.500714,1.538571,1.485714,1.500000,1.305151,64083600
2001-12-24,1.492857,1.532143,1.492857,1.525714,1.327525,12657400
2001-12-26,1.525000,1.592857,1.510000,1.535000,1.335605,36600200
2001-12-27,1.541429,1.589286,1.541429,1.576429,1.371652,47877200
2001-12-28,1.569286,1.642857,1.568571,1.602143,1.394026,74781000
2001-12-31,1.607857,1.618571,1.559286,1.564286,1.361086,34445600
2002-01-02,1.575000,1.664286,1.568571,1.664286,1.448097,132374200
2002-01-03,1.642857,1.696429,1.626429,1.684286,1.465499,153001800
2002-01-04,1.667143,1.710714,1.642143,1.692143,1.472335,102494000
2002-01-07,1.694286,1.714286,1.625000,1.635714,1.423237,111146000
2002-01-08,1.625000,1.646429,1.604286,1.615000,1.405213,112509600
2002-01-09,1.628571,1.637857,1.520000,1.546429,1.345549,81958800
2002-01-10,1.515714,1.532857,1.446429,1.516429,1.319446,113184400
2002-01-11,1.527857,1.560000,1.471429,1.503571,1.308259,87200400
2002-01-14,1.500714,1.528571,1.492857,1.510714,1.314474,103999000
2002-01-15,1.522857,1.554286,1.515000,1.550000,1.348656,72580200
2002-01-16,1.529286,1.529286,1.464286,1.484286,1.291478,141723400
2002-01-17,1.568571,1.624286,1.562143,1.605714,1.397133,165144000
2002-01-18,1.571429,1.614286,1.568571,1.583571,1.377867,84702800
2002-01-22,1.590714,1.597857,1.558571,1.558571,1.356115,81828600
2002-01-23,1.557143,1.645714,1.542143,1.644286,1.430694,110819800
2002-01-24,1.636429,1.679286,1.635714,1.657857,1.442503,86000600
2002-01-25,1.635000,1.672857,1.618571,1.660714,1.444989,46478600
2002-01-28,1.671429,1.682143,1.622857,1.662143,1.446232,46611600
2002-01-29,1.658571,1.681429,1.632143,1.647857,1.433802,60081000
2002-01-30,1.647857,1.724286,1.638571,1.720714,1.497195,117894000
2002-01-31,1.725714,1.766429,1.722143,1.765714,1.536350,117111400
2002-02-01,1.738571,1.782857,1.738571,1.743571,1.517083,99576400
2002-02-04,1.737143,1.822857,1.728571,1.810714,1.575504,130593400
2002-02-05,1.792143,1.855714,1.791429,1.817857,1.581720,114221800
2002-02-06,1.828571,1.855714,1.725000,1.762143,1.533242,149394000
2002-02-07,1.760714,1.806429,1.720000,1.735714,1.510247,86958200
2002-02-08,1.742857,1.760000,1.669286,1.716429,1.493466,88832800
2002-02-11,1.709286,1.785714,1.695714,1.784286,1.552509,99650600
2002-02-12,1.761429,1.788571,1.746429,1.765000,1.535728,56070000
2002-02-13,1.766429,1.802857,1.760714,1.786429,1.554373,78218000
2002-02-14,1.789286,1.802143,1.741429,1.757143,1.528892,65042600
2002-02-15,1.752143,1.784286,1.703571,1.707143,1.485387,65046800
2002-02-19,1.697143,1.705000,1.605714,1.615714,1.405835,97564600
2002-02-20,1.626429,1.657143,1.596429,1.652143,1.437531,71360800
2002-02-21,1.637143,1.642857,1.532143,1.535714,1.336227,111687800
2002-02-22,1.547143,1.639286,1.535714,1.624286,1.413292,101619000
2002-02-25,1.632143,1.765714,1.597143,1.700714,1.479793,106712200
2002-02-26,1.707857,1.740714,1.660714,1.690714,1.471092,65032800
2002-02-27,1.710000,1.732143,1.495714,1.568571,1.364816,257539800
2002-02-28,1.582143,1.613571,1.525000,1.550000,1.348656,114234400
2002-03-01,1.566429,1.678571,1.558571,1.675000,1.457419,87248000
2002-03-04,1.661429,1.755714,1.625714,1.735000,1.509625,87064600
2002-03-05,1.725000,1.745000,1.671429,1.680714,1.462391,68675600
2002-03-06,1.677143,1.738571,1.637857,1.719286,1.495952,56551600
2002-03-07,1.718571,1.752143,1.686429,1.741429,1.515218,64562400
2002-03-08,1.767143,1.792143,1.735714,1.761429,1.532621,67443600
2002-03-11,1.757143,1.795714,1.721429,1.790000,1.557481,65696400
2002-03-12,1.750714,1.767143,1.721429,1.765714,1.536350,63513800
2002-03-13,1.740714,1.775000,1.725000,1.749286,1.522055,50191400
2002-03-14,1.735714,1.757143,1.705000,1.745000,1.518326,54324200
2002-03-15,1.747143,1.782857,1.732143,1.782143,1.550644,60225200
2002-03-18,1.782143,1.789286,1.737143,1.767143,1.537592,76139000
2002-03-19,1.763571,1.807143,1.735714,1.775000,1.544429,60586400
2002-03-20,1.761429,1.795714,1.750000,1.780000,1.548779,73579800
2002-03-21,1.704286,1.735714,1.661429,1.733571,1.508382,154088200
2002-03-22,1.730000,1.754286,1.705000,1.720714,1.497195,50548400
2002-03-25,1.719286,1.720714,1.660000,1.667857,1.451204,65707600
2002-03-26,1.657143,1.688571,1.642857,1.675714,1.458041,64460200
2002-03-27,1.667857,1.694286,1.661429,1.676429,1.458662,31925600
2002-03-28,1.692857,1.705714,1.675714,1.690714,1.471092,27113800
2002-04-01,1.670000,1.764286,1.662857,1.747143,1.520191,49761600
2002-04-02,1.714286,1.735714,1.705000,1.719286,1.495952,50948800
2002-04-03,1.717857,1.749286,1.685714,1.696429,1.476064,53632600
2002-04-04,1.690714,1.789286,1.690714,1.778571,1.547537,84624400
2002-04-05,1.782143,1.799286,1.721429,1.767143,1.537592,69587000
2002-04-08,1.725714,1.762857,1.698571,1.754286,1.526406,65378600
2002-04-09,1.756429,1.785714,1.715000,1.721429,1.497817,47882800
2002-04-10,1.729286,1.782143,1.715000,1.761429,1.532621,56245000
2002-04-11,1.787857,1.800000,1.767857,1.775714,1.545051,101813600
2002-04-12,1.786429,1.797857,1.755000,1.790000,1.557481,80060400
2002-04-15,1.790000,1.796429,1.771429,1.785714,1.553751,74842600
2002-04-16,1.796429,1.856429,1.794286,1.838571,1.599743,153644400
2002-04-17,1.852143,1.869286,1.812857,1.865000,1.622738,99062600
2002-04-18,1.821429,1.822857,1.777143,1.815000,1.579233,100427600
2002-04-19,1.820714,1.820714,1.780714,1.784286,1.552509,93851800
2002-04-22,1.774286,1.780714,1.730714,1.752143,1.524541,67356800
2002-04-23,1.752857,1.770000,1.720714,1.732143,1.507139,58367400
2002-04-24,1.735714,1.750000,1.691429,1.697857,1.477307,35112000
2002-04-25,1.682857,1.738571,1.682143,1.722857,1.499059,48550600
2002-04-26,1.734286,1.740714,1.642857,1.643571,1.430073,76245400
2002-04-29,1.654286,1.718571,1.649286,1.711429,1.489115,68072200
2002-04-30,1.706429,1.741429,1.696429,1.733571,1.508382,70240800
2002-05-01,1.735000,1.735000,1.668571,1.712857,1.490359,53676000
2002-05-02,1.700714,1.738571,1.685714,1.692143,1.472335,59836000
2002-05-03,1.683571,1.715714,1.673571,1.679286,1.461148,57695400
2002-05-06,1.667857,1.678571,1.604286,1.617857,1.407699,62416200
2002-05-07,1.638571,1.639286,1.581429,1.605000,1.396512,60687200
2002-05-08,1.657143,1.751429,1.645714,1.740714,1.514597,109170600
2002-05-09,1.732143,1.739286,1.700000,1.727857,1.503410,56154000
2002-05-10,1.735000,1.735000,1.641429,1.665714,1.449340,58849000
2002-05-13,1.680000,1.720714,1.638571,1.710000,1.487873,66402000
2002-05-14,1.746429,1.834286,1.730000,1.829286,1.591663,131626600
2002-05-15,1.812143,1.855714,1.774286,1.805714,1.571154,83956600
2002-05-16,1.790000,1.817857,1.767857,1.800714,1.566803,56763000
2002-05-17,1.820714,1.841429,1.757857,1.786429,1.554373,59123400
2002-05-20,1.755000,1.780714,1.752143,1.767143,1.537592,67478600
2002-05-21,1.773571,1.785714,1.671429,1.675714,1.458041,70247800
2002-05-22,1.669286,1.740714,1.665714,1.737143,1.511490,72718800
2002-05-23,1.746429,1.802857,1.719286,1.798571,1.564939,92349600
2002-05-24,1.785000,1.785000,1.711429,1.725000,1.500924,41543600
2002-05-28,1.692143,1.728571,1.673571,1.712857,1.490359,37429000
2002-05-29,1.708571,1.745714,1.675000,1.712857,1.490359,55448400
2002-05-30,1.697857,1.741429,1.679286,1.728571,1.504032,49093800
2002-05-31,1.720714,1.732143,1.662857,1.664286,1.448097,91373800
2002-06-03,1.670714,1.675000,1.612857,1.636429,1.423858,58777600
2002-06-04,1.634286,1.645714,1.584286,1.627143,1.415778,86955400
2002-06-05,1.630714,1.630714,1.596429,1.622857,1.412050,69270600
2002-06-06,1.640000,1.659286,1.574286,1.582857,1.377245,64999200
2002-06-07,1.554286,1.567143,1.495000,1.528571,1.330011,153094200
2002-06-10,1.534286,1.560000,1.524286,1.534286,1.334983,69393800
2002-06-11,1.545714,1.550000,1.457857,1.461429,1.271590,87374000
2002-06-12,1.457857,1.482143,1.424286,1.435000,1.248595,132179600
2002-06-13,1.430000,1.432143,1.384286,1.395714,1.214412,88020800
2002-06-14,1.374286,1.454286,1.293571,1.435714,1.249216,106225000
2002-06-17,1.445714,1.473571,1.417857,1.467143,1.276562,81152400
2002-06-18,1.458571,1.470714,1.427143,1.439286,1.252324,88340000
2002-06-19,1.240714,1.257143,1.205714,1.222857,1.064009,427366800
2002-06-20,1.226429,1.257143,1.203571,1.222143,1.063388,99159200
2002-06-21,1.212143,1.249286,1.199286,1.203571,1.047229,111294400
2002-06-24,1.197857,1.266429,1.192857,1.233571,1.073332,107983400
2002-06-25,1.242857,1.262857,1.204286,1.224286,1.065252,75300400
2002-06-26,1.200000,1.235000,1.141429,1.182143,1.028583,139738200
2002-06-27,1.199286,1.233571,1.172857,1.218571,1.060280,62914600
2002-06-28,1.221429,1.272857,1.214286,1.265714,1.101299,67464600
2002-07-01,1.265000,1.277143,1.217857,1.218571,1.060280,55672400
2002-07-02,1.216429,1.225714,1.202143,1.210000,1.052822,76297200
2002-07-03,1.200714,1.262857,1.196429,1.253571,1.090734,49757400
2002-07-05,1.265000,1.339286,1.265000,1.338571,1.164693,40412400
2002-07-08,1.322857,1.329286,1.262857,1.286429,1.119323,52801000
2002-07-09,1.292143,1.306429,1.247143,1.252143,1.089491,56687400
2002-07-10,1.265000,1.297857,1.232143,1.237143,1.076439,51720200
2002-07-11,1.232857,1.310714,1.212143,1.307143,1.137346,93419200
2002-07-12,1.325000,1.342143,1.232857,1.250714,1.088248,110873000
2002-07-15,1.245000,1.328571,1.200714,1.302143,1.132995,73998400
2002-07-16,1.296429,1.326429,1.257857,1.275714,1.110000,111692000
2002-07-17,1.152143,1.157143,1.085000,1.116429,0.971406,303871400
2002-07-18,1.107143,1.111429,1.053571,1.070714,0.931629,139865600
2002-07-19,1.050000,1.083571,1.037857,1.068571,0.929765,96301800
2002-07-22,1.053571,1.085000,1.043571,1.065714,0.927279,107724400
2002-07-23,1.064286,1.080714,1.031429,1.033571,0.899311,99972600
2002-07-24,1.023571,1.087143,1.017857,1.085714,0.944681,101648400
2002-07-25,1.066429,1.067857,1.000714,1.025714,0.892475,119838600
2002-07-26,1.032857,1.037857,0.985714,1.024286,0.891232,51926000
2002-07-29,1.034286,1.078571,1.026429,1.072857,0.933494,68740000
2002-07-30,1.060714,1.107857,1.040000,1.102143,0.958976,88709600
2002-07-31,1.100000,1.101429,1.064286,1.090000,0.948410,77674800
2002-08-01,1.079286,1.101429,1.052143,1.057143,0.919821,57239000
2002-08-02,1.052857,1.071429,1.017857,1.032143,0.898069,44765000
2002-08-05,1.036429,1.050000,0.997857,0.999286,0.869479,51006200
2002-08-06,1.015000,1.087857,1.005714,1.052857,0.916092,68013400
2002-08-07,1.077857,1.097143,1.025000,1.073571,0.934115,83368600
2002-08-08,1.055000,1.098571,1.055000,1.092857,0.950896,56837200
2002-08-09,1.089286,1.089286,1.053571,1.071429,0.932251,51429000
2002-08-12,1.064286,1.072857,1.049286,1.070714,0.931629,44941400
2002-08-13,1.064286,1.086429,1.039286,1.042143,0.906769,67467400
2002-08-14,1.047857,1.096429,1.038571,1.083571,0.942816,99771000
2002-08-15,1.089286,1.125000,1.072143,1.115000,0.970163,80519600
2002-08-16,1.103571,1.150000,1.091429,1.129286,0.982593,61306000
2002-08-19,1.127143,1.160714,1.122857,1.141429,0.993158,54139400
2002-08-20,1.140714,1.149286,1.109286,1.136429,0.988808,46656400
2002-08-21,1.143571,1.160000,1.103571,1.151429,1.001859,50607200
2002-08-22,1.157143,1.160714,1.118571,1.140714,0.992537,64577800
2002-08-23,1.135714,1.137857,1.103571,1.123571,0.977620,40811400
2002-08-26,1.139286,1.139286,1.082857,1.109286,0.965191,47492200
2002-08-27,1.122143,1.124286,1.050714,1.060714,0.922928,65557800
2002-08-28,1.057143,1.080000,1.046429,1.050000,0.913606,61993400
2002-08-29,1.046429,1.077143,1.036429,1.050000,0.913606,41042400
2002-08-30,1.052143,1.081429,1.041429,1.053571,0.916713,48379800
2002-09-03,1.035000,1.039286,1.003571,1.003571,0.873208,69234200
2002-09-04,1.014286,1.055714,1.012143,1.034286,0.899933,105165200
2002-09-05,1.015714,1.025714,1.003571,1.012857,0.881288,56544600
2002-09-06,1.036429,1.046429,1.016429,1.027143,0.893718,45397800
2002-09-09,1.020000,1.037857,1.010714,1.026429,0.893096,39561200
2002-09-10,1.029286,1.035000,1.008571,1.023571,0.890610,62367200
2002-09-11,1.024286,1.042857,1.010714,1.020714,0.888124,50603000
2002-09-12,1.014286,1.036429,1.008571,1.010000,0.878802,67457600
2002-09-13,1.009286,1.024286,1.003571,1.012143,0.880667,70737800
2002-09-16,1.010000,1.043571,1.008571,1.035714,0.901176,71660400
2002-09-17,1.040714,1.073571,1.040714,1.057143,0.919821,106999200
2002-09-18,1.049286,1.077857,1.037143,1.072857,0.933494,82160400
2002-09-19,1.053571,1.057143,1.034286,1.041429,0.906148,51486400
2002-09-20,1.044286,1.067143,1.037143,1.062143,0.924171,88197200
2002-09-23,1.054286,1.068571,1.032143,1.060714,0.922928,65927400
2002-09-24,1.028571,1.058571,1.028571,1.045714,0.909877,62665400
2002-09-25,1.049286,1.083571,1.046429,1.066429,0.927900,63670600
2002-09-26,1.078571,1.085000,1.039286,1.050000,0.913606,52161200
2002-09-27,1.035000,1.060714,1.034286,1.051429,0.914849,51538200
2002-09-30,1.028571,1.040714,1.010000,1.035714,0.901176,59424400
2002-10-01,1.042143,1.042857,1.000000,1.036429,0.901798,85605800
2002-10-02,1.023571,1.045000,1.007143,1.012143,0.880667,57337000
2002-10-03,1.012857,1.042857,1.004286,1.021429,0.888746,54474000
2002-10-04,1.025714,1.028571,0.999286,1.002143,0.871965,47706400
2002-10-07,0.997857,1.015000,0.982857,0.983571,0.855806,61174400
2002-10-08,0.992857,0.997143,0.954286,0.977143,0.850213,113411200
2002-10-09,0.967143,0.989286,0.957857,0.970714,0.844620,89171600
2002-10-10,0.973571,1.015714,0.970000,1.007857,0.876937,80393600
2002-10-11,1.017857,1.055714,1.007143,1.036429,0.901798,73669400
2002-10-14,1.039286,1.070000,1.031429,1.055000,0.917956,48601000
2002-10-15,1.087143,1.089286,1.055714,1.082857,0.942195,101379600
2002-10-16,1.061429,1.080714,0.992857,1.040000,0.904905,76906200
2002-10-17,1.015000,1.027143,0.998571,1.007857,0.876937,117324200
2002-10-18,1.000000,1.025000,0.995000,1.024286,0.891232,72074800
2002-10-21,1.018571,1.045000,1.000000,1.040000,0.904905,59630200
2002-10-22,1.033571,1.062857,1.018571,1.050000,0.913606,54537000
2002-10-23,1.045000,1.070000,1.035714,1.062857,0.924793,52259200
2002-10-24,1.072857,1.086429,1.039286,1.049286,0.912984,43687000
2002-10-25,1.049286,1.103571,1.042143,1.101429,0.958354,69767600
2002-10-28,1.110714,1.139286,1.089286,1.115000,0.970163,87325000
2002-10-29,1.112143,1.134286,1.068571,1.102857,0.959597,64794800
2002-10-30,1.106429,1.169286,1.105714,1.141429,0.993158,67669000
2002-10-31,1.142143,1.174286,1.137143,1.147857,0.998752,73959200
2002-11-01,1.138571,1.178571,1.135000,1.168571,1.016775,47457200
2002-11-04,1.178571,1.241429,1.167857,1.206429,1.049715,94204600
2002-11-05,1.196429,1.211429,1.167857,1.207143,1.050336,52673600
2002-11-06,1.220000,1.237143,1.192857,1.230000,1.070224,54097400
2002-11-07,1.210000,1.221429,1.129286,1.142857,0.994401,84044800
2002-11-08,1.143571,1.157143,1.108571,1.131429,0.984457,47516000
2002-11-11,1.124286,1.135000,1.080000,1.082857,0.942195,38243800
2002-11-12,1.094286,1.145714,1.091429,1.117143,0.972027,55948200
2002-11-13,1.107143,1.147857,1.091429,1.113571,0.968920,57934800
2002-11-14,1.135714,1.172143,1.127143,1.164286,1.013046,35428400
2002-11-15,1.159286,1.160000,1.125714,1.139286,0.991293,40248600
2002-11-18,1.156429,1.157143,1.108571,1.117857,0.972649,41144600
2002-11-19,1.110714,1.125000,1.072143,1.090714,0.949031,52738000
2002-11-20,1.092857,1.121429,1.089286,1.109286,0.965191,52185000
2002-11-21,1.135714,1.174286,1.125000,1.167857,1.016154,104620600
2002-11-22,1.149286,1.164286,1.135714,1.143571,0.995022,56964600
2002-11-25,1.145000,1.152857,1.122143,1.140714,0.992537,49856800
2002-11-26,1.132143,1.135714,1.090714,1.100714,0.957732,60065600
2002-11-27,1.114286,1.132857,1.103571,1.122857,0.976999,71699600
2002-11-29,1.127857,1.134286,1.100714,1.107143,0.963326,35858200
2002-12-02,1.135714,1.150000,1.072143,1.084286,0.943438,99685600
2002-12-03,1.085714,1.095714,1.078571,1.082857,0.942195,56967400
2002-12-04,1.084286,1.085000,1.035714,1.069286,0.930387,81439400
2002-12-05,1.073571,1.077143,1.037857,1.045000,0.909255,60849600
2002-12-06,1.046429,1.085000,1.037143,1.067857,0.929143,61339600
2002-12-09,1.067143,1.067857,1.047857,1.053571,0.916713,59021200
2002-12-10,1.053571,1.103571,1.052143,1.091429,0.949653,77152600
2002-12-11,1.092857,1.106429,1.077143,1.106429,0.962705,63375200
2002-12-12,1.107857,1.110714,1.072143,1.085000,0.944059,37335200
2002-12-13,1.081429,1.082143,1.046429,1.056429,0.919199,41195000
2002-12-16,1.057857,1.078571,1.043571,1.060714,0.922928,62906200
2002-12-17,1.060714,1.085000,1.047143,1.077143,0.937223,55665400
2002-12-18,1.057143,1.061429,1.035714,1.040714,0.905527,37675400
2002-12-19,1.037857,1.065714,1.007143,1.014286,0.882531,86879800
2002-12-20,1.020714,1.040000,0.984286,1.010000,0.878802,79524200
2002-12-23,1.011429,1.039286,1.008571,1.035000,0.900554,31456600
2002-12-24,1.031429,1.033571,1.021429,1.025714,0.892475,9835000
2002-12-26,1.030000,1.057857,1.020000,1.028571,0.894961,21355600
2002-12-27,1.022143,1.027143,1.000714,1.004286,0.873830,20008800
2002-12-30,1.005714,1.010714,0.988571,1.005000,0.874451,38760400
2002-12-31,1.000000,1.025714,0.996429,1.023571,0.890610,50181600
2003-01-02,1.025714,1.065714,1.025000,1.057143,0.919821,45357200
2003-01-03,1.057143,1.066429,1.042143,1.064286,0.926036,36863400
2003-01-06,1.073571,1.098571,1.062857,1.064286,0.926036,97633200
2003-01-07,1.056429,1.071429,1.033571,1.060714,0.922928,85586200
2003-01-08,1.041429,1.050714,1.031429,1.039286,0.904284,57411200
2003-01-09,1.044286,1.065714,1.035714,1.048571,0.912363,53813200
2003-01-10,1.041429,1.058571,1.035000,1.051429,0.914849,43775200
2003-01-13,1.064286,1.064286,1.025714,1.045000,0.909255,44735600
2003-01-14,1.049286,1.058571,1.035000,1.043571,0.908012,46715200
2003-01-15,1.042143,1.050000,1.018571,1.030714,0.896826,92782200
2003-01-16,1.015000,1.054286,1.015000,1.044286,0.908634,139767600
2003-01-17,1.040000,1.040000,1.005714,1.007143,0.876316,66690400
2003-01-21,1.015000,1.029286,1.000000,1.001429,0.871344,63364000
2003-01-22,0.998571,1.010714,0.985714,0.991429,0.862643,53785200
2003-01-23,1.003571,1.025714,0.996429,1.012143,0.880667,57064000
2003-01-24,1.017143,1.017143,0.968571,0.985714,0.857671,76367200
2003-01-27,0.977143,1.035714,0.975000,1.009286,0.878180,97851600
2003-01-28,1.017143,1.049286,1.011429,1.041429,0.906148,71563800
2003-01-29,1.039286,1.078571,1.021429,1.066429,0.927900,93261000
2003-01-30,1.070000,1.076429,1.020714,1.022857,0.889989,101764600
2003-01-31,1.013571,1.039286,1.003571,1.025714,0.892475,85306200
2003-02-03,1.029286,1.065000,1.025000,1.047143,0.911120,66196200
2003-02-04,1.032143,1.046429,1.022143,1.042857,0.907391,79353400
2003-02-05,1.050714,1.066429,1.031429,1.032143,0.898069,55403600
2003-02-06,1.025714,1.042143,1.015714,1.030714,0.896826,44787400
2003-02-07,1.039286,1.042857,1.005000,1.010714,0.879424,67425400
2003-02-10,1.018571,1.040714,1.004286,1.025000,0.891853,41972000
2003-02-11,1.035714,1.045000,1.014286,1.025000,0.891853,41195000
2003-02-12,1.019286,1.042857,1.019286,1.027857,0.894339,57171800
2003-02-13,1.029286,1.045714,1.017143,1.038571,0.903662,52123400
2003-02-14,1.043571,1.051429,1.025000,1.047857,0.911741,60824400
2003-02-18,1.053571,1.092857,1.051429,1.090714,0.949031,72724400
2003-02-19,1.076429,1.082143,1.048571,1.060714,0.922928,60092200
2003-02-20,1.060714,1.068571,1.050714,1.055000,0.917956,56088200
2003-02-21,1.058571,1.075714,1.046429,1.071429,0.932251,39361000
2003-02-24,1.061429,1.073571,0.985714,1.052857,0.916092,45063200
2003-02-25,1.048571,1.077143,1.041429,1.072857,0.933494,47160400
2003-02-26,1.070714,1.072857,1.034286,1.035714,0.901176,54273800
2003-02-27,1.040714,1.071429,1.036429,1.061429,0.923550,38585400
2003-02-28,1.061429,1.077857,1.055000,1.072143,0.932872,48774600
2003-03-03,1.072143,1.082857,1.039286,1.046429,0.910498,50940400
2003-03-04,1.052857,1.057857,1.031429,1.040000,0.904905,31603600
2003-03-05,1.043571,1.057143,1.037143,1.044286,0.908634,31670800
2003-03-06,1.041429,1.042857,1.028571,1.040000,0.904905,24964800
2003-03-07,1.033571,1.050714,1.022143,1.037857,0.903041,50246000
2003-03-10,1.036429,1.047857,1.021429,1.026429,0.893096,33643400
2003-03-11,1.025714,1.035000,1.008571,1.016429,0.884396,40297600
2003-03-12,1.012143,1.027857,1.004286,1.015714,0.883774,55640200
2003-03-13,1.033571,1.057143,1.012143,1.051429,0.914849,83861400
2003-03-14,1.048571,1.072143,1.045714,1.055714,0.918578,38274600
2003-03-17,1.063571,1.076429,1.050714,1.072143,0.932872,99978200
2003-03-18,1.071429,1.077857,1.058571,1.071429,0.932251,57495200
2003-03-19,1.076429,1.082143,1.056429,1.067857,0.929143,35329000
2003-03-20,1.066429,1.070714,1.042857,1.065000,0.926658,40794600
2003-03-21,1.077857,1.082143,1.058571,1.071429,0.932251,74487000
2003-03-24,1.047857,1.057143,1.025000,1.026429,0.893096,40275200
2003-03-25,1.029286,1.059286,1.026429,1.039286,0.904284,41924400
2003-03-26,1.039286,1.040000,1.021429,1.029286,0.895583,44585800
2003-03-27,1.022857,1.050000,1.022857,1.035000,0.900554,30598400
2003-03-28,1.028571,1.044286,1.026429,1.040714,0.905527,36325800
2003-03-31,1.023571,1.037857,1.002857,1.010000,0.878802,64164800
2003-04-01,1.014286,1.022143,1.005000,1.011429,0.880045,38585400
2003-04-02,1.025714,1.049286,1.019286,1.042857,0.907391,42842800
2003-04-03,1.040000,1.050000,1.025000,1.032857,0.898690,36428000
2003-04-04,1.037143,1.047857,1.027857,1.029286,0.895583,36505000
2003-04-07,1.060714,1.067857,1.029286,1.035000,0.900554,49215600
2003-04-08,1.036429,1.046429,1.025714,1.032143,0.898069,32233600
2003-04-09,1.037143,1.044286,1.010000,1.013571,0.881909,36681400
2003-04-10,1.014286,1.027857,1.014286,1.026429,0.893096,26775000
2003-04-11,1.003571,1.031429,0.923571,0.942857,0.820381,348177200
2003-04-14,0.979286,0.982143,0.964286,0.970000,0.843998,125739600
2003-04-15,0.970714,0.971429,0.950000,0.956429,0.832190,75992000
2003-04-16,0.927857,0.976429,0.922857,0.945714,0.822867,254044000
2003-04-17,0.942857,0.946429,0.908571,0.937143,0.815409,154064400
2003-04-21,0.937857,0.942143,0.927143,0.938571,0.816652,38080000
2003-04-22,0.941429,0.972857,0.935000,0.965000,0.839647,75142200
2003-04-23,0.966429,0.973571,0.954286,0.970000,0.843998,52420200
2003-04-24,0.965714,0.972143,0.928571,0.960000,0.835297,81277000
2003-04-25,0.961429,0.970000,0.945000,0.953571,0.829703,51329600
2003-04-28,0.962857,0.997143,0.959286,0.990000,0.861400,159199600
2003-04-29,0.998571,1.011429,0.970000,1.004286,0.873830,114559200
2003-04-30,0.995000,1.025000,0.989286,1.015714,0.883774,114543800
2003-05-01,1.017857,1.027857,1.000000,1.025714,0.892475,85689800
2003-05-02,1.032857,1.042143,1.024286,1.032143,0.898069,80295600
2003-05-05,1.055000,1.205714,1.053571,1.149286,0.999994,388927000
2003-05-06,1.151429,1.278571,1.150000,1.250000,1.087626,378623000
2003-05-07,1.237857,1.302857,1.222143,1.260714,1.096949,263594800
2003-05-08,1.264286,1.290714,1.235000,1.285714,1.118701,171934000
2003-05-09,1.309286,1.314286,1.277143,1.307143,1.137346,147096600
2003-05-12,1.296429,1.338571,1.295000,1.325714,1.153505,104843200
2003-05-13,1.316429,1.355000,1.282143,1.333571,1.160342,111699000
2003-05-14,1.345000,1.345714,1.316429,1.325000,1.152884,88872000
2003-05-15,1.328571,1.346429,1.319286,1.337857,1.164071,71248800
2003-05-16,1.327857,1.357857,1.305714,1.342857,1.168421,85407000
2003-05-19,1.323571,1.332143,1.290000,1.292857,1.124916,111472200
2003-05-20,1.292857,1.297143,1.257143,1.270714,1.105650,104055000
2003-05-21,1.270714,1.292143,1.262143,1.275000,1.109379,76252400
2003-05-22,1.277857,1.314286,1.267143,1.302857,1.133617,44615200
2003-05-23,1.300714,1.318571,1.282857,1.308571,1.138589,51679600
2003-05-27,1.282857,1.350000,1.279286,1.348571,1.173393,72532600
2003-05-28,1.321429,1.332857,1.296429,1.305714,1.136103,84919800
2003-05-29,1.306429,1.321429,1.278571,1.292857,1.124916,83441400
2003-05-30,1.294286,1.298571,1.252143,1.282143,1.115594,95687200
2003-06-02,1.292857,1.306429,1.233571,1.246429,1.084519,104647200
2003-06-03,1.245714,1.262143,1.215714,1.236429,1.075818,90214600
2003-06-04,1.235714,1.270714,1.224286,1.257143,1.093841,67800600
2003-06-05,1.246429,1.267143,1.237857,1.260000,1.096327,51374400
2003-06-06,1.267143,1.288571,1.224286,1.225000,1.065874,60347000
2003-06-09,1.210000,1.217143,1.187857,1.199286,1.043500,64988000
2003-06-10,1.206429,1.235000,1.196429,1.227143,1.067738,44161600
2003-06-11,1.225000,1.250714,1.200714,1.246429,1.084519,56278600
2003-06-12,1.253571,1.277143,1.246429,1.269286,1.104406,63147000
2003-06-13,1.267857,1.282143,1.223571,1.244286,1.082654,47811400
2003-06-16,1.257143,1.305000,1.246429,1.305000,1.135482,59631600
2003-06-17,1.315000,1.321429,1.285000,1.299286,1.130510,44366000
2003-06-18,1.317857,1.391429,1.307857,1.365714,1.188309,113745800
2003-06-19,1.382857,1.400714,1.340714,1.367143,1.189552,95382000
2003-06-20,1.382143,1.398571,1.350000,1.371429,1.193281,89136600
2003-06-23,1.378571,1.406429,1.339286,1.361429,1.184581,76840400
2003-06-24,1.390714,1.405000,1.337143,1.341429,1.167178,128595600
2003-06-25,1.347143,1.385714,1.336429,1.363571,1.186445,82453000
2003-06-26,1.335714,1.380000,1.335714,1.377857,1.198875,40426400
2003-06-27,1.378571,1.379286,1.320000,1.337857,1.164071,91448000
2003-06-30,1.334286,1.372143,1.327857,1.361429,1.184581,55538000
2003-07-01,1.347857,1.370000,1.322143,1.363571,1.186445,45248000
2003-07-02,1.359286,1.385714,1.358571,1.376429,1.197632,81324600
2003-07-03,1.357143,1.396429,1.355714,1.366429,1.188931,34442800
2003-07-07,1.376429,1.441429,1.366429,1.419286,1.234922,71568000
2003-07-08,1.394286,1.464286,1.392143,1.457143,1.267861,64184400
2003-07-09,1.443571,1.460714,1.420714,1.420714,1.236165,53411400
2003-07-10,1.420000,1.424286,1.383571,1.398571,1.216898,42733600
2003-07-11,1.404286,1.428571,1.395000,1.417857,1.233679,34214600
2003-07-14,1.429286,1.457143,1.419286,1.421429,1.236787,47101600
2003-07-15,1.430000,1.445714,1.387857,1.400714,1.218763,51661400
2003-07-16,1.426429,1.428571,1.384286,1.419286,1.234922,62732600
2003-07-17,1.442143,1.496429,1.437857,1.492857,1.298936,187803000
2003-07-18,1.492857,1.512857,1.457143,1.490000,1.296450,74709600
2003-07-21,1.477857,1.485714,1.450000,1.472143,1.280913,45952200
2003-07-22,1.490714,1.497143,1.464286,1.485714,1.292721,49606200
2003-07-23,1.496429,1.497143,1.461429,1.485000,1.292100,35758800
2003-07-24,1.502857,1.535714,1.455714,1.465000,1.274698,57309000
2003-07-25,1.457857,1.540714,1.457143,1.538571,1.338713,54171600
2003-07-28,1.535714,1.535714,1.490000,1.499286,1.304530,42589400
2003-07-29,1.499286,1.505714,1.465714,1.480000,1.287749,49280000
2003-07-30,1.483571,1.492857,1.440714,1.448571,1.260403,43398600
2003-07-31,1.481429,1.525000,1.469286,1.505714,1.310123,75366200
2003-08-01,1.500000,1.519286,1.474286,1.480714,1.288371,37401000
2003-08-04,1.466429,1.535714,1.448571,1.515000,1.318203,57528800
2003-08-05,1.525000,1.528571,1.435714,1.455714,1.266618,62360200
2003-08-06,1.432857,1.440714,1.392857,1.402143,1.220006,61366200
2003-08-07,1.409286,1.435000,1.387143,1.423571,1.238651,43594600
2003-08-08,1.436429,1.437857,1.400000,1.402857,1.220627,34414800
2003-08-11,1.415714,1.423571,1.393571,1.404286,1.221870,34307000
2003-08-12,1.411429,1.414286,1.390000,1.407143,1.224356,41109600
2003-08-13,1.418571,1.452857,1.398571,1.441429,1.254188,71024800
2003-08-14,1.443571,1.452143,1.424286,1.426429,1.241137,48195000
2003-08-15,1.430000,1.433571,1.404286,1.407857,1.224978,31466400
2003-08-18,1.418571,1.457857,1.408571,1.452857,1.264132,48193600
2003-08-19,1.455000,1.460714,1.428571,1.451429,1.262889,33422200
2003-08-20,1.441429,1.519286,1.438571,1.500714,1.305773,68303200
2003-08-21,1.502143,1.550714,1.496429,1.548571,1.347414,63831600
2003-08-22,1.557857,1.571429,1.474286,1.491429,1.297694,62566000
2003-08-25,1.484286,1.493571,1.463571,1.490000,1.296450,34445600
2003-08-26,1.482143,1.505000,1.453571,1.503571,1.308259,41239800
2003-08-27,1.493571,1.534286,1.475714,1.534286,1.334983,56425600
2003-08-28,1.523571,1.587143,1.523571,1.585000,1.379110,79906400
2003-08-29,1.585714,1.632143,1.575000,1.615000,1.405213,65788800
2003-09-02,1.618571,1.635714,1.600000,1.632143,1.420130,60533200
2003-09-03,1.628571,1.665714,1.625714,1.639286,1.426344,67207000
2003-09-04,1.654286,1.660714,1.626429,1.630714,1.418886,49945000
2003-09-05,1.623571,1.653571,1.600714,1.607143,1.398377,60033400
2003-09-08,1.605714,1.627857,1.605000,1.624286,1.413292,41811000
2003-09-09,1.609286,1.619286,1.580000,1.597857,1.390297,45092600
2003-09-10,1.589286,1.615000,1.579286,1.584286,1.378489,56222600
2003-09-11,1.589286,1.627857,1.578571,1.611429,1.402106,53421200
2003-09-12,1.607857,1.652857,1.593571,1.650000,1.435666,44997400
2003-09-15,1.629286,1.635714,1.580000,1.586429,1.380353,56711200
2003-09-16,1.586429,1.620714,1.585714,1.597143,1.389675,67251800
2003-09-17,1.597857,1.598571,1.560714,1.580000,1.374759,72349200
2003-09-18,1.578571,1.642143,1.567857,1.634286,1.421993,63226800
2003-09-19,1.634286,1.646429,1.602143,1.612857,1.403349,51489200
2003-09-22,1.584286,1.607143,1.565714,1.577143,1.372273,44955400
2003-09-23,1.572857,1.604286,1.562857,1.602143,1.394026,33112800
2003-09-24,1.586429,1.593571,1.505714,1.522857,1.325039,75321400
2003-09-25,1.524286,1.526429,1.446429,1.459286,1.269726,143595200
2003-09-26,1.450000,1.550000,1.439286,1.477857,1.285885,86812600
2003-09-29,1.535000,1.547857,1.475000,1.521429,1.323797,91425600
2003-09-30,1.506429,1.515714,1.460000,1.480000,1.287749,71356600
2003-10-01,1.479286,1.507143,1.442143,1.485000,1.292100,59028200
2003-10-02,1.485714,1.485714,1.448571,1.469286,1.278427,51014600
2003-10-03,1.499286,1.561429,1.491429,1.549286,1.348035,74900000
2003-10-06,1.547857,1.595000,1.541429,1.592143,1.385325,67082400
2003-10-07,1.575000,1.672143,1.565000,1.658571,1.443125,104543600
2003-10-08,1.660714,1.681429,1.623571,1.647143,1.433181,107167200
2003-10-09,1.664286,1.690714,1.627857,1.675000,1.457419,86937200
2003-10-10,1.678571,1.700714,1.669286,1.691429,1.471714,43709400
2003-10-13,1.695000,1.743571,1.694286,1.739286,1.513354,69966400
2003-10-14,1.737143,1.767143,1.727857,1.753571,1.525784,68854800
2003-10-15,1.775000,1.786429,1.755714,1.772857,1.542565,152525800
2003-10-16,1.700000,1.702857,1.600714,1.660714,1.444989,243920600
2003-10-17,1.670000,1.677857,1.602143,1.625000,1.413914,89952800
2003-10-20,1.614286,1.667143,1.598571,1.658571,1.443125,69783000
2003-10-21,1.665000,1.671429,1.625000,1.655714,1.440639,44115400
2003-10-22,1.638571,1.657143,1.620000,1.625714,1.414536,40399800
2003-10-23,1.623571,1.653571,1.613571,1.642143,1.428830,41302800
2003-10-24,1.611429,1.632143,1.587857,1.614286,1.404592,54964000
2003-10-27,1.625000,1.635000,1.606429,1.614286,1.404592,40503400
2003-10-28,1.611429,1.697857,1.600000,1.694286,1.474199,62928600
2003-10-29,1.679286,1.707143,1.667143,1.692143,1.472335,66770200
2003-10-30,1.713571,1.714286,1.633571,1.649286,1.435045,65139200
2003-10-31,1.664286,1.667857,1.627143,1.635000,1.422615,54538400
2003-11-03,1.630714,1.664286,1.627143,1.653571,1.438774,75710600
2003-11-04,1.647857,1.650000,1.613571,1.636429,1.423858,62308400
2003-11-05,1.630000,1.652143,1.605000,1.645000,1.431316,80617600
2003-11-06,1.636429,1.653571,1.617857,1.651429,1.436910,99268400
2003-11-07,1.656429,1.660000,1.603571,1.607143,1.398377,52536400
2003-11-10,1.603571,1.617857,1.560000,1.564286,1.361086,58569000
2003-11-11,1.564286,1.572857,1.534286,1.538571,1.338713,53768400
2003-11-12,1.534286,1.622857,1.534286,1.595000,1.387811,75000800
2003-11-13,1.576429,1.611429,1.565714,1.601429,1.393404,53193000
2003-11-14,1.605714,1.615000,1.520000,1.532857,1.333740,59262000
2003-11-17,1.525000,1.526429,1.496429,1.509286,1.313231,57064000
2003-11-18,1.515000,1.524286,1.453571,1.457857,1.268483,66798200
2003-11-19,1.468571,1.475000,1.447143,1.458571,1.269104,86146200
2003-11-20,1.435714,1.505714,1.435714,1.455714,1.266618,59897600
2003-11-21,1.452857,1.470000,1.417857,1.448571,1.260403,60459000
2003-11-24,1.464286,1.519286,1.460714,1.510714,1.314474,95456200
2003-11-25,1.516429,1.517857,1.472143,1.477143,1.285264,67163600
2003-11-26,1.492143,1.510714,1.446429,1.480000,1.287749,61282200
2003-11-28,1.484286,1.505000,1.465714,1.493571,1.299558,19024600
2003-12-01,1.502857,1.560714,1.500000,1.550714,1.349278,90384000
2003-12-02,1.542857,1.564286,1.529286,1.538571,1.338713,51324000
2003-12-03,1.538571,1.560000,1.497143,1.502143,1.307016,47824000
2003-12-04,1.495714,1.512143,1.483571,1.510714,1.314474,44485000
2003-12-05,1.492857,1.510714,1.480714,1.489286,1.295829,46544400
2003-12-08,1.484286,1.505714,1.457857,1.503571,1.308259,37059400
2003-12-09,1.512143,1.517857,1.457143,1.460714,1.270969,33786200
2003-12-10,1.460714,1.472143,1.425714,1.455714,1.266618,67834200
2003-12-11,1.446429,1.524286,1.443571,1.515000,1.318203,45784200
2003-12-12,1.522857,1.522857,1.478571,1.492143,1.298315,48168400
2003-12-15,1.535000,1.535000,1.433571,1.440714,1.253567,97227200
2003-12-16,1.442143,1.463571,1.429286,1.437143,1.250459,93489200
2003-12-17,1.434286,1.437857,1.413571,1.420000,1.235543,68565000
2003-12-18,1.421429,1.441429,1.421429,1.431429,1.245487,82728800
2003-12-19,1.442143,1.458571,1.401429,1.407143,1.224356,113390200
2003-12-22,1.403571,1.420714,1.375000,1.417857,1.233679,94266200
2003-12-23,1.422857,1.425000,1.400000,1.415000,1.231193,77124600
2003-12-24,1.408571,1.470714,1.403571,1.457857,1.268483,44368800
2003-12-26,1.453571,1.493571,1.452857,1.484286,1.291478,25923800
2003-12-29,1.493571,1.511429,1.490000,1.510714,1.314474,58364600
2003-12-30,1.512857,1.535714,1.510714,1.520000,1.322554,51213400
2003-12-31,1.525000,1.537857,1.512857,1.526429,1.328147,43612800
2004-01-02,1.539286,1.553571,1.512857,1.520000,1.322554,36160600
2004-01-05,1.530000,1.599286,1.530000,1.583571,1.377867,98754600
2004-01-06,1.589286,1.601429,1.550714,1.577857,1.372895,127337000
2004-01-07,1.578571,1.630714,1.566429,1.613571,1.403970,146718600
2004-01-08,1.631429,1.695000,1.617857,1.668571,1.451825,115075800
2004-01-09,1.659286,1.723571,1.627857,1.642857,1.429451,106864800
2004-01-12,1.660714,1.714286,1.650000,1.695000,1.474821,121886800
2004-01-13,1.764286,1.774286,1.704286,1.722857,1.499059,169754200
2004-01-14,1.742857,1.752857,1.698571,1.728571,1.504032,155010800
2004-01-15,1.636429,1.671429,1.607143,1.632143,1.420130,254552200
2004-01-16,1.635000,1.645714,1.615000,1.622857,1.412050,93205000
2004-01-20,1.619286,1.628571,1.589286,1.623571,1.412671,78986600
2004-01-21,1.621429,1.640714,1.602143,1.615000,1.405213,56665000
2004-01-22,1.611429,1.630714,1.584286,1.584286,1.378489,51251200
2004-01-23,1.601429,1.624286,1.589286,1.611429,1.402106,56792400
2004-01-26,1.604286,1.647143,1.602143,1.643571,1.430073,67817400
2004-01-27,1.645714,1.660714,1.628571,1.647857,1.433802,76767600
2004-01-28,1.631429,1.670000,1.600714,1.608571,1.399620,68850600
2004-01-29,1.616429,1.628571,1.585000,1.620000,1.409564,53174800
2004-01-30,1.617857,1.633571,1.601429,1.611429,1.402106,46324600
2004-02-02,1.604286,1.629286,1.577143,1.594286,1.387190,71857800
2004-02-03,1.592857,1.600000,1.571429,1.590000,1.383460,45203200
2004-02-04,1.571429,1.577857,1.550000,1.556429,1.354250,76388200
2004-02-05,1.558571,1.636429,1.557857,1.601429,1.393404,88211200
2004-02-06,1.603571,1.635000,1.600000,1.622143,1.411428,48335000
2004-02-09,1.615714,1.632857,1.607143,1.619286,1.408942,47065200
2004-02-10,1.615714,1.651429,1.602857,1.641429,1.428208,63835800
2004-02-11,1.649286,1.705000,1.646429,1.700000,1.479172,87136000
2004-02-12,1.686429,1.713571,1.685714,1.695000,1.474821,45997000
2004-02-13,1.703571,1.721429,1.630714,1.642857,1.429451,78995000
2004-02-17,1.650000,1.677857,1.650000,1.654286,1.439396,42739200
2004-02-18,1.655714,1.674286,1.646429,1.661429,1.445611,35408800
2004-02-19,1.666429,1.688571,1.600714,1.605000,1.396512,80770200
2004-02-20,1.607143,1.607857,1.586429,1.600000,1.392162,69400800
2004-02-23,1.595714,1.604286,1.563571,1.585000,1.379110,48519800
2004-02-24,1.581429,1.624286,1.571429,1.597143,1.389675,64764000
2004-02-25,1.591429,1.635714,1.586429,1.629286,1.417643,69069000
2004-02-26,1.634286,1.655714,1.628571,1.645714,1.431937,49602000
2004-02-27,1.640000,1.715714,1.639286,1.708571,1.486630,117209400
2004-03-01,1.721429,1.735714,1.705000,1.715714,1.492845,80420200
2004-03-02,1.714286,1.721429,1.697857,1.700714,1.479793,64171800
2004-03-03,1.685714,1.727857,1.685714,1.708571,1.486630,56282800
2004-03-04,1.709286,1.801429,1.707857,1.797143,1.563696,165055800
2004-03-05,1.782143,1.963571,1.778571,1.910000,1.661893,385149800
2004-03-08,1.901429,1.913571,1.842857,1.857143,1.615902,130718000
2004-03-09,1.850000,1.945000,1.839286,1.935714,1.684267,154590800
2004-03-10,1.931429,2.010000,1.924286,1.977143,1.720314,251741000
2004-03-11,1.947857,2.002857,1.935000,1.939286,1.687374,148962800
2004-03-12,1.951429,1.984286,1.940714,1.968571,1.712856,82306000
2004-03-15,1.930714,1.953571,1.875714,1.889286,1.643869,120429400
2004-03-16,1.896429,1.900714,1.813571,1.844286,1.604715,151358200
2004-03-17,1.854286,1.884286,1.841429,1.870714,1.627710,102858000
2004-03-18,1.852857,1.861429,1.827857,1.833571,1.595393,80270400
2004-03-19,1.825714,1.924286,1.824286,1.847143,1.607201,102144000
2004-03-22,1.812143,1.869286,1.803571,1.847143,1.607201,104757800
2004-03-23,1.848571,1.857143,1.801429,1.806429,1.571775,96378800
2004-03-24,1.805000,1.839286,1.805000,1.821429,1.584827,107053800
2004-03-25,1.867143,1.922143,1.849286,1.919286,1.669972,141611400
2004-03-26,1.928571,1.954286,1.922143,1.931429,1.680538,104973400
2004-03-29,1.955000,1.999286,1.942857,1.993571,1.734608,87682000
2004-03-30,1.981429,1.996429,1.952857,1.994286,1.735230,89919200
2004-03-31,1.994286,1.998571,1.925000,1.931429,1.680538,97693400
2004-04-01,1.920714,1.947857,1.901429,1.936429,1.684888,79583000
2004-04-02,1.982143,1.995000,1.945000,1.964286,1.709127,68619600
2004-04-05,1.962857,2.026428,1.960000,2.022857,1.760090,96418000
2004-04-06,1.979286,2.010714,1.959286,1.987857,1.729636,64498000
2004-04-07,1.972143,1.978571,1.922857,1.950714,1.697318,63779800
2004-04-08,1.991429,2.000000,1.942857,1.966429,1.710991,60229400
2004-04-12,1.964286,2.007143,1.963571,2.002857,1.742688,57635200
2004-04-13,1.998571,2.002143,1.917143,1.923571,1.673701,109099200
2004-04-14,1.910000,1.933571,1.879286,1.902857,1.655678,159933200
2004-04-15,2.058571,2.112857,2.011429,2.092857,1.820997,440361600
2004-04-16,2.082143,2.093571,2.035714,2.084286,1.813539,100732800
2004-04-19,2.008571,2.053571,1.987857,2.025000,1.761954,178088400
2004-04-20,2.015000,2.029286,1.968571,1.980714,1.723422,88629800
2004-04-21,1.971429,2.008571,1.955000,1.980714,1.723422,81468800
2004-04-22,1.968571,2.012857,1.936429,1.984286,1.726529,86146200
2004-04-23,1.978571,2.000000,1.932143,1.978571,1.721557,78957200
2004-04-26,1.970000,1.974286,1.928571,1.937857,1.686131,57782200
2004-04-27,1.945714,1.960000,1.906429,1.924286,1.674323,70966000
2004-04-28,1.915714,1.929286,1.881429,1.889286,1.643869,57792000
2004-04-29,1.889286,1.928571,1.855714,1.912143,1.663757,115197600
2004-04-30,1.907857,1.925714,1.820714,1.841429,1.602229,116625600
2004-05-03,1.857143,1.880714,1.838571,1.862143,1.620252,74408600
2004-05-04,1.855000,1.896429,1.821429,1.867143,1.624603,69995800
2004-05-05,1.871429,1.910714,1.854286,1.903571,1.656299,59526600
2004-05-06,1.885714,1.910714,1.850000,1.898571,1.651949,65889600
2004-05-07,1.896429,1.969286,1.896429,1.905000,1.657542,104759200
2004-05-10,1.876429,1.900000,1.852857,1.877143,1.633304,62494600
2004-05-11,1.885714,1.942143,1.885714,1.938571,1.686753,76293000
2004-05-12,1.913571,1.952857,1.874286,1.950000,1.696697,61355000
2004-05-13,1.935714,1.980000,1.921429,1.942143,1.689860,57463000
2004-05-14,1.946429,1.951429,1.889286,1.932857,1.681781,64450400
2004-05-17,1.907143,1.932857,1.882857,1.902857,1.655678,75111400
2004-05-18,1.926429,1.949286,1.914286,1.932857,1.681781,51515800
2004-05-19,1.957143,1.964286,1.887143,1.890714,1.645113,93898000
2004-05-20,1.902143,1.928571,1.890714,1.907857,1.660029,49074200
2004-05-21,1.921429,1.942857,1.909286,1.936429,1.684888,44973600
2004-05-24,1.949286,1.992857,1.936429,1.952857,1.699183,58900800
2004-05-25,1.964286,2.036429,1.949286,2.029286,1.765684,79994600
2004-05-26,2.023571,2.055714,2.000000,2.036429,1.771899,80542000
2004-05-27,2.032857,2.042857,1.987143,2.012143,1.750767,58993200
2004-05-28,2.005714,2.019286,1.985714,2.004286,1.743931,36429400
2004-06-01,1.985000,2.014286,1.972143,2.004286,1.743931,45533600
2004-06-02,2.002143,2.083571,1.985714,2.065714,1.797380,79678200
2004-06-03,2.051429,2.070714,2.020714,2.028571,1.765062,62732600
2004-06-04,2.040000,2.089286,2.036429,2.055714,1.788679,99778000
2004-06-07,2.074286,2.141428,2.057857,2.129286,1.852694,73969000
2004-06-08,2.142143,2.174286,2.130714,2.167857,1.886254,103905200
2004-06-09,2.149286,2.193571,2.142857,2.157143,1.876932,87301200
2004-06-10,2.157143,2.212143,2.157143,2.195714,1.910493,64394400
2004-06-14,2.189286,2.191429,2.107143,2.151428,1.871960,60996600
2004-06-15,2.181429,2.224286,2.161429,2.192143,1.907385,111158600
2004-06-16,2.190000,2.380000,2.180714,2.338571,2.034794,227410400
2004-06-17,2.325714,2.366429,2.300714,2.343571,2.039144,137830000
2004-06-18,2.332857,2.386429,2.316429,2.350714,2.045359,101563000
2004-06-21,2.365714,2.392857,2.294286,2.309286,2.009312,97553400
2004-06-22,2.307143,2.363571,2.306429,2.357143,2.050952,90127800
2004-06-23,2.357143,2.416429,2.349286,2.407143,2.094457,97717200
2004-06-24,2.393571,2.407143,2.355714,2.370000,2.062140,63128800
2004-06-25,2.362143,2.407143,2.357143,2.407143,2.094457,80857000
2004-06-28,2.441429,2.442143,2.300714,2.320714,2.019255,130274200
2004-06-29,2.290714,2.356429,2.243572,2.321429,2.019877,147638400
2004-06-30,2.325714,2.355000,2.277857,2.324286,2.022363,93261000
2004-07-01,2.292857,2.320000,2.278571,2.307143,2.007448,85485400
2004-07-02,2.177143,2.227143,2.123571,2.220000,1.931624,227670800
2004-07-06,2.233572,2.244286,2.200000,2.210714,1.923545,87245200
2004-07-07,2.203571,2.240000,2.152143,2.170714,1.888740,99498000
2004-07-08,2.152143,2.191429,2.139286,2.152857,1.873203,58345000
2004-07-09,2.162143,2.178571,2.145000,2.145000,1.866367,52215800
2004-07-12,2.144286,2.145714,2.066429,2.081429,1.811053,127905400
2004-07-13,2.089286,2.114286,2.072857,2.087143,1.816025,79044000
2004-07-14,2.061429,2.140714,2.052857,2.112857,1.838399,208950000
2004-07-15,2.332857,2.402143,2.293571,2.352143,2.046602,441931000
2004-07-16,2.342857,2.351429,2.294286,2.300000,2.001232,122095400
2004-07-19,2.286429,2.301429,2.261429,2.283571,1.986938,133292600
2004-07-20,2.282143,2.300000,2.253572,2.300000,2.001232,80936800
2004-07-21,2.315714,2.336429,2.238571,2.258571,1.965185,75314400
2004-07-22,2.232143,2.266428,2.218571,2.262857,1.968914,83529600
2004-07-23,2.252143,2.267857,2.177143,2.192857,1.908008,68392800
2004-07-26,2.203571,2.246428,2.198571,2.232857,1.942811,98483000
2004-07-27,2.271429,2.339286,2.255000,2.316429,2.015527,106251600
2004-07-28,2.307857,2.315000,2.225714,2.305000,2.005582,71262800
2004-07-29,2.319286,2.344286,2.295000,2.331429,2.028578,55539400
2004-07-30,2.332143,2.357143,2.285714,2.310000,2.009933,60755800
2004-08-02,2.227143,2.300000,2.223572,2.255714,1.962699,91273000
2004-08-03,2.246428,2.265714,2.225000,2.235000,1.944676,52907400
2004-08-04,2.227857,2.294286,2.226429,2.270714,1.975751,69122200
2004-08-05,2.272143,2.307143,2.232143,2.242143,1.950891,61125400
2004-08-06,2.207143,2.221429,2.121428,2.127143,1.850829,123072600
2004-08-09,2.132143,2.175000,2.129286,2.164286,1.883147,72711800
2004-08-10,2.170714,2.252857,2.167857,2.251429,1.958970,87759000
2004-08-11,2.221429,2.223572,2.161429,2.215000,1.927273,80598000
2004-08-12,2.175000,2.203571,2.162857,2.169286,1.887498,56550200
2004-08-13,2.185714,2.234286,2.171429,2.202857,1.916708,82012000
2004-08-16,2.214286,2.265714,2.188571,2.198571,1.912979,108918600
2004-08-17,2.184286,2.223572,2.167857,2.205000,1.918573,80754800
2004-08-18,2.179286,2.275000,2.177857,2.267143,1.972643,91163800
2004-08-19,2.250714,2.275714,2.168571,2.193571,1.908629,97230000
2004-08-20,2.193571,2.213571,2.177857,2.200000,1.914223,79195200
2004-08-23,2.204286,2.233572,2.185714,2.220000,1.931624,63665000
2004-08-24,2.232857,2.282143,2.227857,2.282143,1.985695,93534000
2004-08-25,2.276428,2.367857,2.266428,2.360714,2.054060,126404600
2004-08-26,2.360000,2.512857,2.338571,2.475714,2.154121,238964600
2004-08-27,2.477143,2.482857,2.428571,2.453571,2.134855,97203400
2004-08-30,2.428571,2.480000,2.425714,2.437143,2.120560,54535600
2004-08-31,2.433571,2.496428,2.428571,2.463571,2.143556,94140200
2004-09-01,2.450000,2.570714,2.442143,2.561429,2.228702,128931600
2004-09-02,2.535714,2.557857,2.487857,2.547143,2.216271,101581200
2004-09-03,2.500714,2.565714,2.500714,2.516428,2.189547,73367000
2004-09-07,2.528571,2.585000,2.516428,2.554286,2.222485,75489400
2004-09-08,2.550000,2.612143,2.548571,2.596429,2.259155,85881600
2004-09-09,2.578571,2.592857,2.520000,2.550000,2.218757,115334800
2004-09-10,2.547143,2.587857,2.532857,2.562143,2.229323,82003600
2004-09-13,2.562857,2.576429,2.522857,2.542143,2.211921,70494200
2004-09-14,2.517143,2.539286,2.484286,2.535000,2.205706,63705600
2004-09-15,2.525714,2.534286,2.485714,2.514286,2.187682,58167200
2004-09-16,2.514286,2.625714,2.505714,2.596429,2.259155,125479200
2004-09-17,2.610714,2.670000,2.600000,2.652857,2.308254,125577200
2004-09-20,2.634286,2.712857,2.633571,2.693571,2.343680,61250000
2004-09-21,2.696429,2.776428,2.675714,2.715000,2.362324,96663000
2004-09-22,2.721429,2.724286,2.629286,2.637143,2.294580,100422000
2004-09-23,2.645714,2.678571,2.637857,2.662143,2.316333,99351000
2004-09-24,2.675000,2.714286,2.653571,2.663571,2.317576,92372000
2004-09-27,2.639286,2.712857,2.630714,2.680714,2.332493,99379000
2004-09-28,2.675714,2.735000,2.675000,2.717143,2.364189,88296600
2004-09-29,2.709286,2.775714,2.701429,2.762857,2.403965,68377400
2004-09-30,2.785714,2.805000,2.746428,2.767857,2.408315,106253000
2004-10-01,2.794286,2.799286,2.755714,2.762143,2.403343,116351200
2004-10-04,2.798571,2.798571,2.767857,2.770714,2.410801,143521000
2004-10-05,2.754286,2.833571,2.742857,2.812143,2.446848,101540600
2004-10-06,2.821429,2.911429,2.819286,2.902857,2.525779,111575800
2004-10-07,2.895714,2.923571,2.818571,2.830000,2.462386,106537200
2004-10-08,2.825714,2.840714,2.774286,2.790000,2.427582,89807200
2004-10-11,2.771429,2.790000,2.728571,2.756428,2.398371,80967600
2004-10-12,2.750000,2.755714,2.689286,2.735000,2.379727,115047800
2004-10-13,2.776428,2.840000,2.767143,2.839286,2.470465,290752000
2004-10-14,3.085000,3.267857,3.039286,3.212857,2.795510,692106800
2004-10-15,3.205714,3.257857,3.156429,3.250000,2.827828,257782000
2004-10-18,3.192857,3.410714,3.192857,3.410714,2.967666,300188000
2004-10-19,3.435714,3.453571,3.379286,3.387143,2.947156,200498200
2004-10-20,3.370000,3.400000,3.332143,3.390714,2.950264,151277000
2004-10-21,3.391428,3.437857,3.382857,3.424286,2.979474,181126400
2004-10-22,3.395714,3.405000,3.358572,3.386429,2.946535,120766800
2004-10-25,3.371428,3.417143,3.362143,3.396429,2.955236,98161000
2004-10-26,3.389286,3.432143,3.355000,3.426429,2.981338,148590400
2004-10-27,3.465000,3.615714,3.440714,3.592857,3.126148,298373600
2004-10-28,3.570000,3.730000,3.535714,3.727857,3.243612,216066200
2004-10-29,3.702857,3.800000,3.700000,3.742857,3.256663,202554800
2004-11-01,3.750000,3.804286,3.717143,3.746428,3.259771,150512600
2004-11-02,3.742857,3.862857,3.742857,3.821429,3.325029,182497000
2004-11-03,3.883571,4.007857,3.856429,3.950714,3.437520,301043400
2004-11-04,3.930714,3.967857,3.883571,3.889286,3.384072,232156400
2004-11-05,3.918571,3.928571,3.717143,3.908571,3.400852,301261800
2004-11-08,3.876429,3.960714,3.847143,3.884286,3.379721,131730200
2004-11-09,3.873571,3.896429,3.812857,3.860714,3.359211,118941200
2004-11-10,3.853571,3.956429,3.850714,3.910714,3.402716,127169000
2004-11-11,3.925000,3.959286,3.873571,3.950000,3.436898,101824800
2004-11-12,3.929286,3.977857,3.917143,3.964286,3.449329,98925400
2004-11-15,3.942857,3.961429,3.881428,3.945714,3.433170,94011400
2004-11-16,3.940000,3.942857,3.891428,3.924286,3.414525,73775800
2004-11-17,3.942143,3.960714,3.872857,3.921429,3.412038,99437800
2004-11-18,3.878572,3.960714,3.877857,3.956429,3.442492,114787400
2004-11-19,3.963571,4.065000,3.892857,3.940714,3.428820,191319800
2004-11-22,4.414286,4.571429,4.135714,4.382143,3.812907,642052600
2004-11-23,4.450000,4.460714,4.360714,4.376429,3.807935,227862600
2004-11-24,4.406428,4.657143,4.396429,4.575000,3.980712,347697000
2004-11-26,4.667857,4.697143,4.595714,4.610714,4.011787,137536000
2004-11-29,4.925000,4.969285,4.815000,4.888571,4.253551,428229200
2004-11-30,4.913571,4.913571,4.789286,4.789286,4.167162,257129600
2004-12-01,4.842143,4.853571,4.733572,4.842143,4.213153,200138400
2004-12-02,4.723571,4.778572,4.618571,4.657857,4.052805,246860600
2004-12-03,4.609286,4.642857,4.410714,4.477143,3.895566,309712200
2004-12-06,4.589286,4.731429,4.496428,4.698571,4.088232,311980200
2004-12-07,4.709286,4.766428,4.468572,4.492143,3.908618,264224800
2004-12-08,4.505714,4.602143,4.432143,4.520000,3.932856,172975600
2004-12-09,4.486429,4.600000,4.433571,4.570714,3.976982,185375400
2004-12-10,4.645000,4.717857,4.621428,4.653572,4.049078,193943400
2004-12-13,4.687143,4.707143,4.614286,4.636428,4.034161,98760200
2004-12-14,4.671429,4.705714,4.644286,4.663571,4.057777,103930400
2004-12-15,4.660000,4.675714,4.618571,4.661428,4.055912,99590400
2004-12-16,4.725000,4.821429,4.717857,4.757143,4.139195,281528800
2004-12-17,4.774286,4.788571,4.635714,4.642143,4.039134,195874000
2004-12-20,4.676429,4.714286,4.411428,4.480000,3.898052,292031600
2004-12-21,4.540000,4.555000,4.400000,4.549286,3.958337,266103600
2004-12-22,4.547143,4.597143,4.528572,4.553571,3.962067,141457400
2004-12-23,4.553571,4.589286,4.542857,4.572143,3.978226,61482400
2004-12-27,4.628572,4.653572,4.491428,4.511428,3.925399,139872600
2004-12-28,4.521429,4.589286,4.432143,4.584286,3.988791,152938800
2004-12-29,4.557857,4.641428,4.540714,4.602857,4.004951,112390600
2004-12-30,4.629286,4.645000,4.587143,4.628572,4.027325,86335200
2004-12-31,4.635000,4.642857,4.573571,4.600000,4.002464,69647200
2005-01-03,4.627143,4.650714,4.471428,4.520714,3.933478,172998000
2005-01-04,4.556428,4.676429,4.497857,4.567143,3.973876,274202600
2005-01-05,4.604286,4.660714,4.575000,4.607143,4.008680,170108400
2005-01-06,4.619286,4.636428,4.523571,4.610714,4.011787,176388800
2005-01-07,4.642857,4.973571,4.625000,4.946429,4.303892,556862600
2005-01-10,4.987857,5.050000,4.848571,4.925714,4.285868,431327400
2005-01-11,4.875000,4.939286,4.581429,4.611429,4.012408,652906800
2005-01-12,4.675000,4.707143,4.521429,4.675714,4.068344,479925600
2005-01-13,5.265000,5.315714,4.980714,4.985714,4.338075,791179200
2005-01-14,5.017857,5.122857,4.942143,5.014286,4.362935,442685600
2005-01-18,4.989286,5.050000,4.839286,5.046429,4.390902,251615000
2005-01-19,5.035000,5.104286,4.982143,4.991428,4.343046,187973800
2005-01-20,4.975000,5.090714,4.962143,5.032857,4.379093,228730600
2005-01-21,5.093572,5.114286,5.000000,5.035000,4.380958,227833200
2005-01-24,5.070000,5.127143,5.039286,5.054286,4.397739,210407400
2005-01-25,5.097857,5.202857,5.067143,5.146429,4.477911,242307800
2005-01-26,5.190000,5.196429,5.087143,5.160714,4.490341,184874200
2005-01-27,5.154286,5.208571,5.110714,5.188571,4.514582,124056800
2005-01-28,5.187143,5.284286,5.174286,5.284286,4.597862,200403000
2005-01-31,5.327143,5.563571,5.322143,5.492857,4.779340,420274400
2005-02-01,5.503572,5.555000,5.470000,5.537857,4.818494,169598800
2005-02-02,5.567857,5.707857,5.549286,5.687857,4.949010,255015600
2005-02-03,5.650000,5.673572,5.523571,5.557857,4.835896,182912800
2005-02-04,5.562143,5.637857,5.537857,5.631429,4.899911,140889000
2005-02-07,5.637857,5.667857,5.535714,5.638571,4.906126,131114200
2005-02-08,5.647857,5.812857,5.627857,5.778572,5.027940,222504800
2005-02-09,5.788571,5.856429,5.578571,5.624286,4.893696,297864000
2005-02-10,5.622857,5.662857,5.475714,5.597143,4.870079,273254800
2005-02-11,5.704286,5.840000,5.638571,5.800714,5.047207,300263600
2005-02-14,5.909286,6.056428,5.860714,6.045000,5.259759,317865800
2005-02-15,6.190000,6.362857,6.142857,6.315000,5.494687,578054400
2005-02-16,6.296429,6.442857,6.239286,6.437857,5.601586,409810800
2005-02-17,6.475000,6.491428,6.246428,6.272143,5.457398,379618400
2005-02-18,6.267143,6.275714,6.160714,6.200714,5.395248,290813600
2005-02-22,6.164286,6.307143,6.092143,6.092143,5.300779,304823400
2005-02-23,6.194286,6.317857,6.110714,6.302143,5.483499,336295400
2005-02-24,6.320000,6.379286,6.266428,6.352143,5.527005,379757000
2005-02-25,6.401429,6.422143,6.299286,6.356429,5.530734,228877600
2005-02-28,6.382857,6.448571,6.280000,6.408571,5.576104,162902600
2005-03-01,6.427143,6.444286,6.308571,6.357143,5.531356,117047000
2005-03-02,6.321429,6.412857,6.297143,6.302857,5.484123,114540300
2005-03-03,6.338572,6.344285,5.888571,5.970000,5.194502,352913400
2005-03-04,6.108572,6.144286,5.978571,6.115714,5.321289,189154700
2005-03-07,6.114286,6.178571,6.050000,6.107143,5.313831,112658000
2005-03-08,5.985714,6.022857,5.728571,5.790000,5.037884,255362800
2005-03-09,5.662857,5.754286,5.547143,5.621428,4.891210,330616300
2005-03-10,5.647143,5.751429,5.585714,5.690000,4.950873,194277300
2005-03-11,5.744286,5.798572,5.685714,5.752857,5.005567,158207700
2005-03-14,5.788571,5.827143,5.645714,5.760000,5.011782,151346300
2005-03-15,5.805714,5.877143,5.750000,5.851429,5.091333,127152200
2005-03-16,5.887143,6.044286,5.825714,5.882857,5.118680,174453300
2005-03-17,5.932857,6.125714,5.902857,6.035714,5.251681,200480000
2005-03-18,6.190000,6.205714,6.071429,6.137143,5.339933,235037600
2005-03-21,6.184286,6.281428,6.122857,6.242857,5.431916,135282000
2005-03-22,6.244286,6.280000,6.097143,6.118571,5.323774,137853800
2005-03-23,6.064286,6.200000,6.002857,6.078571,5.288970,152455800
2005-03-24,6.130000,6.142857,6.071429,6.071429,5.282756,88176200
2005-03-28,6.107143,6.137143,6.067143,6.075714,5.286485,68852700
2005-03-29,6.080000,6.118571,5.928571,5.964286,5.189531,115339000
2005-03-30,6.010000,6.114286,5.974286,6.114286,5.320045,98739900
2005-03-31,6.064286,6.074286,5.941429,5.952857,5.179587,159033700
2005-04-01,6.012857,6.025714,5.795714,5.841429,5.082634,160321000
2005-04-04,5.855714,5.901429,5.737143,5.870000,5.107493,145003600
2005-04-05,5.888571,6.034286,5.870000,5.984286,5.206933,139059900
2005-04-06,6.057143,6.115714,6.021429,6.047143,5.261624,103706400
2005-04-07,6.047143,6.250000,6.035714,6.222857,5.414514,126746900
2005-04-08,6.242857,6.350000,6.220000,6.248571,5.436889,162487500
2005-04-11,6.307143,6.321429,5.987143,5.988572,5.210661,205415700
2005-04-12,6.070000,6.170000,6.001429,6.094285,5.302645,245265300
2005-04-13,6.135714,6.141428,5.770000,5.862857,5.101277,342986700
2005-04-14,5.544286,5.651429,5.262857,5.322857,4.631424,688298100
2005-04-15,5.231429,5.321429,5.040000,5.050000,4.394010,432021800
2005-04-18,5.000000,5.185714,4.857143,5.088572,4.427571,331794400
2005-04-19,5.228571,5.348571,5.124286,5.298572,4.610293,270410700
2005-04-20,5.380000,5.391428,5.062857,5.072857,4.413898,236282900
2005-04-21,5.200000,5.315714,5.128572,5.311429,4.621480,189898100
2005-04-22,5.262857,5.285714,4.985714,5.071429,4.412655,209782300
2005-04-25,5.212857,5.288571,5.158571,5.282857,4.596619,186615100
2005-04-26,5.254286,5.358572,5.160000,5.170000,4.498421,202626900
2005-04-27,5.127143,5.194286,5.072857,5.135714,4.468590,153472200
2005-04-28,5.184286,5.191429,5.034286,5.077143,4.417625,143776500
2005-04-29,5.164286,5.175714,5.031428,5.151429,4.482263,167907600
2005-05-02,5.172857,5.235714,5.145714,5.204286,4.528253,116480000
2005-05-03,5.200000,5.248571,5.147143,5.172857,4.500908,124184900
2005-05-04,5.158571,5.314286,5.157143,5.307143,4.617750,112044100
2005-05-05,5.321429,5.324286,5.210000,5.240000,4.559331,96841500
2005-05-06,5.270000,5.332857,5.255714,5.320000,4.628938,81561900
2005-05-09,5.325714,5.350000,5.250000,5.281428,4.595376,88923800
2005-05-10,5.250000,5.321429,5.190000,5.202857,4.527011,110065900
2005-05-11,5.028572,5.095714,4.730000,5.087143,4.426327,510495300
2005-05-12,5.060000,5.084286,4.857143,4.875714,4.242364,242560500
2005-05-13,4.885714,5.032857,4.867143,4.967143,4.321916,175678300
2005-05-16,4.937143,5.100000,4.932857,5.078571,4.418870,118573700
2005-05-17,5.020000,5.065714,4.934286,5.051429,4.395254,147086100
2005-05-18,5.064286,5.365714,4.998571,5.120000,4.454917,159180700
2005-05-19,5.111429,5.382857,5.111429,5.364286,4.667470,198290400
2005-05-20,5.321429,5.378572,5.312857,5.364286,4.667470,113162700
2005-05-23,5.407143,5.700000,5.407143,5.680000,4.942172,260643600
2005-05-24,5.635714,5.712857,5.575714,5.671429,4.934716,148365000
2005-05-25,5.642857,5.707143,5.617143,5.682857,4.944659,99001700
2005-05-26,5.705714,5.848571,5.705714,5.820000,5.063988,131380200
2005-05-27,5.805714,5.827143,5.715714,5.794286,5.041613,79002000
2005-05-31,5.808571,5.820000,5.654286,5.680000,4.942172,101051300
2005-06-01,5.698571,5.822857,5.694286,5.757143,5.009296,113453200
2005-06-02,5.721428,5.760000,5.657143,5.720000,4.976976,93493400
2005-06-03,5.451428,5.511428,5.395714,5.462857,4.753237,239217300
2005-06-06,5.475714,5.518571,5.365714,5.417143,4.713459,202991600
2005-06-07,5.371428,5.390000,5.207143,5.220000,4.541927,186316200
2005-06-08,5.232857,5.321429,5.224286,5.274286,4.589160,101001600
2005-06-09,5.285714,5.420000,5.260000,5.378572,4.679900,97563900
2005-06-10,5.342857,5.342857,5.074286,5.115714,4.451187,169733200
2005-06-13,5.127143,5.230000,5.117143,5.128572,4.462374,108943100
2005-06-14,5.131429,5.164286,5.107143,5.142857,4.474804,86961700
2005-06-15,5.267143,5.328571,5.185714,5.304286,4.615263,140835800
2005-06-16,5.312857,5.440000,5.260000,5.425714,4.720920,136918600
2005-06-17,5.495714,5.505714,5.404286,5.472857,4.761939,149031400
2005-06-20,5.407143,5.441429,5.350000,5.372857,4.674929,80929100
2005-06-21,5.388571,5.455714,5.340000,5.408571,4.706003,92631700
2005-06-22,5.465714,5.514286,5.448571,5.507143,4.791770,106231300
2005-06-23,5.547143,5.682857,5.521429,5.555714,4.834032,168563500
2005-06-24,5.584286,5.588572,5.382857,5.394286,4.693573,102677400
2005-06-27,5.262857,5.442857,5.240000,5.300000,4.611535,150042900
2005-06-28,5.355714,5.370000,5.310000,5.330000,4.637638,87574900
2005-06-29,5.318572,5.327143,5.160000,5.195714,4.520796,112089600
2005-06-30,5.230000,5.308571,5.187143,5.258572,4.575488,104597500
2005-07-01,5.261428,5.281428,5.184286,5.214286,4.536955,62500200
2005-07-05,5.221428,5.450000,5.214286,5.425714,4.720920,113567300
2005-07-06,5.387143,5.451428,5.314286,5.341429,4.647583,98656600
2005-07-07,5.258572,5.394286,5.257143,5.375714,4.677414,95930800
2005-07-08,5.410000,5.468572,5.352857,5.464286,4.754479,72683800
2005-07-11,5.481429,5.521429,5.397143,5.442857,4.735834,97197100
2005-07-12,5.461429,5.485714,5.415714,5.462857,4.753237,96759600
2005-07-13,5.470000,5.500000,5.414286,5.478571,4.766909,171208800
2005-07-14,5.827143,6.001429,5.747143,5.821429,5.065231,524015100
2005-07-15,5.852857,5.938571,5.780000,5.935714,5.164671,171920700
2005-07-18,5.915714,6.014286,5.910000,5.927143,5.157213,146574400
2005-07-19,5.931428,6.175714,5.867143,6.170000,5.368523,167765500
2005-07-20,6.122857,6.257143,6.092857,6.232857,5.423215,113348900
2005-07-21,6.242857,6.291429,6.128572,6.184286,5.380952,101066000
2005-07-22,6.205714,6.285714,6.198571,6.285714,5.469206,75276600
2005-07-25,6.284286,6.325714,6.247143,6.258572,5.445589,73656800
2005-07-26,6.287143,6.301429,6.194286,6.232857,5.423215,67148200
2005-07-27,6.261428,6.295714,6.095714,6.284286,5.467962,70937300
2005-07-28,6.264286,6.285714,6.185714,6.257143,5.444345,62827800
2005-07-29,6.222857,6.340000,6.037143,6.092857,5.301401,140520100
2005-08-01,6.081429,6.154286,6.011428,6.107143,5.313831,78562400
2005-08-02,6.127143,6.214286,6.087143,6.170000,5.368523,74218900
2005-08-03,6.170000,6.187143,6.110000,6.174286,5.372252,64580600
2005-08-04,6.127143,6.142857,6.041429,6.101429,5.308859,67326000
2005-08-05,6.070000,6.194286,6.002857,6.141428,5.343662,60482800
2005-08-08,6.142857,6.178571,6.087143,6.092857,5.301401,44095800
2005-08-09,6.132857,6.270000,6.130000,6.260000,5.446831,95209800
2005-08-10,6.285714,6.341429,6.187143,6.197143,5.392140,90236300
2005-08-11,6.198571,6.302857,6.178571,6.285714,5.469206,67995900
2005-08-12,6.208571,6.602857,6.194286,6.585714,5.730236,229009200
2005-08-15,6.640000,6.904286,6.635714,6.811429,5.926630,271681900
2005-08-16,6.770000,6.785714,6.601429,6.607143,5.748880,134405600
2005-08-17,6.628572,6.777143,6.624286,6.735714,5.860752,124931100
2005-08-18,6.701428,6.714286,6.535714,6.614286,5.755096,110639900
2005-08-19,6.611429,6.671429,6.538571,6.547143,5.696675,94142300
2005-08-22,6.592857,6.678571,6.465714,6.552857,5.701648,96933200
2005-08-23,6.550000,6.585714,6.474286,6.534286,5.685487,73901100
2005-08-24,6.514286,6.731429,6.512857,6.538571,5.689217,143017700
2005-08-25,6.588572,6.641428,6.544286,6.580000,5.725265,69063400
2005-08-26,6.588572,6.620000,6.480000,6.534286,5.685487,65264500
2005-08-29,6.467143,6.575714,6.465714,6.548572,5.697919,64073800
2005-08-30,6.570000,6.684286,6.560000,6.652857,5.788656,129690400
2005-08-31,6.694286,6.718572,6.610000,6.698571,5.828433,100739100
2005-09-01,6.714286,6.738572,6.584286,6.608572,5.750124,89091800
2005-09-02,6.614286,6.685714,6.588572,6.602857,5.745153,55594700
2005-09-06,6.671429,6.982857,6.650000,6.971428,6.065846,204654800
2005-09-07,7.007143,7.057143,6.845714,6.954286,6.050930,240768500
2005-09-08,7.050000,7.160000,7.020000,7.111429,6.187659,175660100
2005-09-09,7.152857,7.335714,7.112857,7.330000,6.377840,153910400
2005-09-12,7.300000,7.375714,7.225714,7.342857,6.389028,113199100
2005-09-13,7.288571,7.327143,7.188571,7.260000,6.316933,123221000
2005-09-14,7.294286,7.312857,7.065714,7.087143,6.166530,118606600
2005-09-15,7.142857,7.168571,7.047143,7.124286,6.198848,103789000
2005-09-16,7.175714,7.315714,7.135714,7.315714,6.365410,147751100
2005-09-19,7.292857,7.555714,7.292857,7.520000,6.543159,195932800
2005-09-20,7.570000,7.687143,7.560000,7.598571,6.611523,204957200
2005-09-21,7.565714,7.578571,7.408571,7.444286,6.477279,108686900
2005-09-22,7.411428,7.495714,7.331429,7.414286,6.451177,115931900
2005-09-23,7.442857,7.642857,7.405715,7.600000,6.612768,139614300
2005-09-26,7.718572,7.794286,7.617143,7.691429,6.692319,136640700
2005-09-27,7.702857,7.748571,7.632857,7.634286,6.642599,85425900
2005-09-28,7.581429,7.587143,7.227143,7.297143,6.349251,281386000
2005-09-29,7.318572,7.512857,7.258572,7.477143,6.505869,159211500
2005-09-30,7.475714,7.664286,7.411428,7.658571,6.663731,132908300
2005-10-03,7.737143,7.791429,7.668571,7.777143,6.766900,126888300
2005-10-04,7.850000,7.907143,7.662857,7.678571,6.681131,134864800
2005-10-05,7.761428,7.765714,7.535714,7.540000,6.560561,152692400
2005-10-06,7.600000,7.641428,7.267143,7.385714,6.426316,189384300
2005-10-07,7.388571,7.418571,7.221428,7.328571,6.376597,169470700
2005-10-10,7.394286,7.415714,7.182857,7.195714,6.260998,126876400
2005-10-11,7.318572,7.410000,7.200000,7.370000,6.412643,306471200
2005-10-12,6.950000,7.185714,6.838572,7.035714,6.121783,674371600
2005-10-13,7.062857,7.707143,7.038571,7.677143,6.679890,466393900
2005-10-14,7.718572,7.764286,7.541429,7.714286,6.712208,258888000
2005-10-17,7.711429,7.747143,7.525714,7.634286,6.642599,154208600
2005-10-18,7.607143,7.707143,7.457143,7.458571,6.489710,152397000
2005-10-19,7.438571,7.851429,7.315714,7.848571,6.829049,252170800
2005-10-20,7.781428,8.071428,7.764286,8.020000,6.978209,339440500
2005-10-21,8.120000,8.140000,7.908571,7.951428,6.918545,199181500
2005-10-24,7.892857,8.112857,7.870000,8.112857,7.059004,152438300
2005-10-25,8.057143,8.121428,7.955714,8.014286,6.973238,116281900
2005-10-26,8.040000,8.222857,7.988572,8.147142,7.088835,157898300
2005-10-27,8.141429,8.144286,7.915714,7.915714,6.887471,102885300
2005-10-28,8.005714,8.061429,7.738572,7.781428,6.770627,192446800
2005-10-31,7.885714,8.282857,7.821429,8.227143,7.158445,235211200
2005-11-01,8.177143,8.305715,8.124286,8.214286,7.147258,187421500
2005-11-02,8.245714,8.571428,8.228572,8.564285,7.451794,214265100
2005-11-03,8.608571,8.902857,8.581429,8.835714,7.687963,221095700
2005-11-04,8.621428,8.748571,8.517143,8.735714,7.600954,219508800
2005-11-07,8.692857,8.810000,8.591429,8.604285,7.486598,159707800
2005-11-08,8.564285,8.625714,8.442857,8.557143,7.445579,118441400
2005-11-09,8.571428,8.744286,8.571428,8.587143,7.471682,138232500
2005-11-10,8.662857,8.742857,8.430000,8.740000,7.604683,166336100
2005-11-11,8.791429,8.872857,8.762857,8.791429,7.649428,106362200
2005-11-14,8.791429,8.854285,8.701428,8.778571,7.638243,92483300
2005-11-15,8.800000,9.011429,8.780000,8.897142,7.741411,134210300
2005-11-16,9.021428,9.294286,9.012857,9.278571,8.073296,196128800
2005-11-17,9.370000,9.411428,9.178572,9.217143,8.019844,169051400
2005-11-18,9.330000,9.347143,9.195714,9.222857,8.024817,131240200
2005-11-21,9.260000,9.312857,9.102858,9.280000,8.074535,127927800
2005-11-22,9.262857,9.537143,9.217143,9.502857,8.268446,135070600
2005-11-23,9.554286,9.711429,9.527143,9.587143,8.341781,121463300
2005-11-25,9.665714,9.934286,9.642858,9.905714,8.618972,98753200
2005-11-28,10.102858,10.152857,9.867143,9.951428,8.658745,254629900
2005-11-29,9.998571,10.042857,9.621428,9.728572,8.464840,222858300
2005-11-30,9.775714,9.835714,9.645715,9.688571,8.430035,148918700
2005-12-01,9.850000,10.247143,9.830000,10.228572,8.899891,203223300
2005-12-02,10.324286,10.391429,10.100000,10.375714,9.027920,223940500
2005-12-05,10.278571,10.361428,10.212857,10.260000,8.927236,145917800
2005-12-06,10.561429,10.690000,10.478572,10.578571,9.204425,214257400
2005-12-07,10.604285,10.637143,10.445714,10.564285,9.191995,169866200
2005-12-08,10.457143,10.595715,10.371428,10.582857,9.208156,197619800
2005-12-09,10.601429,10.655714,10.478572,10.618571,9.239229,138850600
2005-12-12,10.695714,10.764286,10.651428,10.701428,9.311321,131248600
2005-12-13,10.692857,10.780000,10.601429,10.711429,9.320022,123454100
2005-12-14,10.361428,10.471429,10.038571,10.287143,8.950854,362679100
2005-12-15,10.382857,10.408571,10.192857,10.311429,8.971983,140290500
2005-12-16,10.305715,10.328571,10.151428,10.158571,8.838981,167792800
2005-12-19,10.158571,10.371428,10.148571,10.197143,8.872545,132323800
2005-12-20,10.232857,10.340000,10.160000,10.301429,8.963281,119777000
2005-12-21,10.371428,10.515715,10.362857,10.500000,9.136061,118934200
2005-12-22,10.558572,10.641429,10.514286,10.574286,9.200698,92652700
2005-12-23,10.595715,10.608571,10.471429,10.478572,9.117415,57464400
2005-12-27,10.571428,10.740000,10.564285,10.604285,9.226799,147647500
2005-12-28,10.638572,10.680000,10.474286,10.510000,9.144760,99528800
2005-12-29,10.540000,10.545714,10.202857,10.207143,8.881247,122506300
2005-12-30,10.130000,10.347143,10.048572,10.270000,8.935935,156065700
2006-01-03,10.340000,10.678572,10.321428,10.678572,9.291433,201808600
2006-01-04,10.732857,10.854285,10.642858,10.710000,9.318783,154900900
2006-01-05,10.690000,10.700000,10.535714,10.625714,9.245445,112355600
2006-01-06,10.750000,10.957143,10.650000,10.900000,9.484099,176114400
2006-01-09,10.961429,11.028571,10.820000,10.864285,9.453025,168760200
2006-01-10,10.892858,11.698571,10.832857,11.551429,10.050908,569967300
2006-01-11,11.977143,12.114285,11.798572,11.985714,10.428782,373448600
2006-01-12,12.138572,12.342857,11.945714,12.041429,10.477259,320202400
2006-01-13,12.141429,12.287143,12.085714,12.227143,10.638847,194076400
2006-01-17,12.242857,12.340000,11.981428,12.101429,10.529466,208905900
2006-01-18,11.868571,12.007143,11.692857,11.784286,10.253519,300159300
2006-01-19,11.607142,11.665714,11.248571,11.291429,9.824683,423962000
2006-01-20,11.325714,11.434286,10.832857,10.870000,9.457997,283689700
2006-01-23,10.871428,11.365714,10.857142,11.095715,9.654391,264932500
2006-01-24,11.251429,11.345715,10.824286,10.862857,9.451781,285563600
2006-01-25,11.055715,11.071428,10.464286,10.600000,9.223069,318946600
2006-01-26,10.647142,10.775714,10.275714,10.332857,8.990631,295346800
2006-01-27,10.421429,10.514286,10.157143,10.290000,8.953339,238466200
2006-01-30,10.167143,10.942857,10.124286,10.714286,9.322512,349600300
2006-01-31,10.785714,10.905714,10.535714,10.787143,9.385905,228385500
2006-02-01,10.707143,10.922857,10.662857,10.774285,9.374719,130296600
2006-02-02,10.728572,10.765715,10.292857,10.300000,8.962039,176830500
2006-02-03,10.320000,10.398571,10.148571,10.264286,8.930966,173030900
2006-02-06,10.288571,10.358571,9.534286,9.614285,8.365398,412941900
2006-02-07,9.752857,9.925714,9.525714,9.657143,8.402687,347207700
2006-02-08,9.784286,9.868571,9.428572,9.830000,8.553093,238278600
2006-02-09,9.871428,9.890000,9.218572,9.278571,8.073296,287441000
2006-02-10,9.311429,9.667143,8.985714,9.615714,8.366641,440119400
2006-02-13,9.518572,9.535714,9.234285,9.244286,8.043462,220874500
2006-02-14,9.300000,9.728572,9.285714,9.662857,8.407660,290234700
2006-02-15,9.594286,9.945714,9.535714,9.888572,8.604054,289942800
2006-02-16,9.987143,10.144286,9.925714,10.081429,8.771860,237043800
2006-02-17,10.042857,10.127143,9.944285,10.041429,8.737058,143999800
2006-02-21,10.084286,10.114285,9.811429,9.868571,8.586654,194901700
2006-02-22,9.857142,10.238571,9.714286,10.188571,8.865085,244559700
2006-02-23,10.255714,10.428572,10.204286,10.250000,8.918536,214229400
2006-02-24,10.305715,10.412857,10.171429,10.208571,8.882491,133686000
2006-02-27,10.284286,10.302857,10.092857,10.141429,8.824066,197810200
2006-02-28,10.225715,10.342857,9.728572,9.784286,8.513318,316745100
2006-03-01,9.834286,9.927143,9.717143,9.871428,8.589140,190954400
2006-03-02,9.855714,9.998571,9.810000,9.944285,8.652532,156318400
2006-03-03,9.914286,9.987143,9.647142,9.674286,8.417603,184417100
2006-03-06,9.670000,9.674286,9.277143,9.354285,8.139174,228166400
2006-03-07,9.394286,9.557143,9.297143,9.472857,8.242341,218219400
2006-03-08,9.470000,9.600000,9.335714,9.380000,8.161545,163312800
2006-03-09,9.425714,9.495714,9.115714,9.132857,7.946507,199826200
2006-03-10,9.150000,9.212857,8.921429,9.027143,7.854528,260785700
2006-03-13,9.292857,9.468572,9.255714,9.382857,8.164035,215296900
2006-03-14,9.395715,9.617143,9.357142,9.617143,8.367887,160505100
2006-03-15,9.672857,9.720000,9.360000,9.461429,8.232397,222999000
2006-03-16,9.550000,9.557143,9.185715,9.187143,7.993742,187409600
2006-03-17,9.250000,9.362857,9.158571,9.237143,8.037247,203010500
2006-03-20,9.317142,9.351429,9.124286,9.141429,7.953965,151360300
2006-03-21,8.830000,9.191428,8.770000,8.830000,7.682991,336341600
2006-03-22,8.880000,9.035714,8.752857,8.810000,7.665590,336473900
2006-03-23,8.831429,8.842857,8.515715,8.594286,7.477897,356956600
2006-03-24,8.607142,8.705714,8.432858,8.565714,7.453035,267995000
2006-03-27,8.621428,8.768572,8.485714,8.501429,7.397101,277018000
2006-03-28,8.518572,8.591429,8.321428,8.387143,7.297662,342580700
2006-03-29,8.447143,8.931429,8.238571,8.904285,7.747630,586708500
2006-03-30,8.974286,9.042857,8.790000,8.964286,7.799834,347662700
2006-03-31,9.035714,9.087143,8.891429,8.960000,7.796105,203839300
2006-04-03,9.095715,9.160000,8.944285,8.950000,7.787404,203947800
2006-04-04,8.871428,8.888572,8.721429,8.738571,7.603441,232981000
2006-04-05,9.244286,9.601429,9.164286,9.601429,8.354213,558352200
2006-04-06,9.757143,10.292857,9.742857,10.177143,8.855142,665942200
2006-04-07,10.132857,10.172857,9.781428,9.970000,8.674904,386309700
2006-04-10,10.041429,10.132857,9.778571,9.810000,8.535692,225878800
2006-04-11,9.855714,9.900000,9.581429,9.712857,8.451165,234829000
2006-04-12,9.715714,9.738571,9.471429,9.530000,8.292062,184973600
2006-04-13,9.477143,9.634286,9.401428,9.495714,8.262229,183669500
2006-04-17,9.501429,9.548572,9.192857,9.258572,8.055893,180484500
2006-04-18,9.291429,9.495714,9.255714,9.460000,8.231153,198711100
2006-04-19,9.545714,9.571428,9.352858,9.378572,8.160304,271508300
2006-04-20,9.930000,10.000000,9.457143,9.661428,8.406418,416745700
2006-04-21,9.741428,9.805715,9.495714,9.577143,8.333083,197246700
2006-04-24,9.550000,9.560000,9.357142,9.392858,8.172735,176757000
2006-04-25,9.422857,9.512857,9.365714,9.452857,8.224937,132265700
2006-04-26,9.521428,9.754286,9.485714,9.735714,8.471053,177721600
2006-04-27,9.675714,9.980000,9.621428,9.908571,8.621454,211486800
2006-04-28,9.911428,10.185715,9.885715,10.055715,8.749485,190009400
2006-05-01,10.110000,10.220000,9.880000,9.942857,8.651289,187595100
2006-05-02,10.021428,10.282857,10.015715,10.231428,8.902374,192915800
2006-05-03,10.261429,10.278571,10.025714,10.162857,8.842710,171747800
2006-05-04,10.174286,10.412857,10.065714,10.161428,8.841469,215105100
2006-05-05,10.265715,10.321428,10.164286,10.270000,8.935935,140977900
2006-05-08,10.427143,10.542857,10.245714,10.270000,8.935935,148712900
2006-05-09,10.260000,10.365714,10.088572,10.147142,8.829040,132916700
2006-05-10,10.184286,10.190000,9.944285,10.085714,8.775588,114972200
2006-05-11,10.112857,10.120000,9.650000,9.735714,8.471053,203172200
2006-05-12,9.692857,9.812857,9.551429,9.671429,8.415120,160443500
2006-05-15,9.624286,9.768572,9.588572,9.684286,8.426306,132294400
2006-05-16,9.728572,9.750000,9.250000,9.282857,8.077022,234185000
2006-05-17,9.244286,9.385715,9.152857,9.322857,8.111825,188548500
2006-05-18,9.382857,9.465714,9.017143,9.025714,7.853279,164610600
2006-05-19,9.037143,9.268572,8.974286,9.215714,8.018602,246466500
2006-05-22,9.124286,9.141429,8.967143,9.054286,7.878142,179743900
2006-05-23,9.265715,9.312857,9.000000,9.021428,7.849553,173603500
2006-05-24,8.998571,9.092857,8.794286,9.048572,7.873172,229007800
2006-05-25,9.180000,9.207143,9.041429,9.190000,7.996226,115843000
2006-05-26,9.187143,9.222857,9.020000,9.078571,7.899275,108237500
2006-05-30,9.041429,9.042857,8.745714,8.745714,7.609657,140850500
2006-05-31,8.822857,8.827143,8.384286,8.538571,7.429418,320244400
2006-06-01,8.550000,8.897142,8.502857,8.881429,7.727742,235627000
2006-06-02,8.998571,9.014286,8.697143,8.808572,7.664347,171446800
2006-06-05,8.735714,8.735714,8.567142,8.571428,7.458006,151446400
2006-06-06,8.602858,8.661428,8.415714,8.531428,7.423203,181509300
2006-06-07,8.585714,8.628572,8.335714,8.365714,7.279015,187626600
2006-06-08,8.348572,8.704286,8.164286,8.680000,7.552475,349370700
2006-06-09,8.740000,8.794286,8.442857,8.462857,7.363541,193959500
2006-06-12,8.485714,8.532857,8.137143,8.142858,7.085111,179446400
2006-06-13,8.230000,8.442857,8.194285,8.332857,7.250426,270160800
2006-06-14,8.325714,8.397142,8.098572,8.230000,7.160930,219534000
2006-06-15,8.185715,8.534286,8.107142,8.482857,7.380939,297595900
2006-06-16,8.422857,8.455714,8.217143,8.222857,7.154716,209525400
2006-06-19,8.261429,8.311429,8.142858,8.171429,7.109967,176143800
2006-06-20,8.230000,8.335714,8.184286,8.210000,7.143529,168243600
2006-06-21,8.248571,8.387143,8.185715,8.265715,7.192006,215824000
2006-06-22,8.314285,8.535714,8.295714,8.511429,7.405802,241408300
2006-06-23,8.531428,8.595715,8.390000,8.404285,7.312576,165050900
2006-06-26,8.452857,8.457143,8.338572,8.427143,7.332465,116634000
2006-06-27,8.441428,8.460000,8.200000,8.204286,7.138557,137652900
2006-06-28,8.184286,8.185715,7.915714,8.002857,6.963293,212676100
2006-06-29,8.108571,8.441428,8.055715,8.424286,7.329978,218349600
2006-06-30,8.227143,8.250000,8.071428,8.181429,7.118670,184923900
2006-07-03,8.217143,8.311429,8.191428,8.278571,7.203193,48692700
2006-07-05,8.164286,8.228572,8.080000,8.142858,7.085111,129560200
2006-07-06,8.155714,8.200000,7.944286,7.967143,6.932220,158302200
2006-07-07,7.925714,8.078571,7.810000,7.914286,6.886227,199840200
2006-07-10,7.957143,8.070000,7.785714,7.857143,6.836508,132336400
2006-07-11,7.872857,7.998571,7.790000,7.950000,6.917304,206255700
2006-07-12,7.881429,7.891428,7.560000,7.565714,6.582935,231832300
2006-07-13,7.432857,7.731429,7.344285,7.464286,6.494681,312476500
2006-07-14,7.500000,7.555714,7.165714,7.238572,6.298287,248259200
2006-07-17,7.390000,7.587143,7.378572,7.481429,6.509599,256135600
2006-07-18,7.594285,7.692857,7.407143,7.557143,6.575478,250112100
2006-07-19,7.565714,7.868571,7.480000,7.728571,6.724637,347685800
2006-07-20,8.708571,8.798572,8.531428,8.642858,7.520158,493036600
2006-07-21,8.545714,8.735714,8.520000,8.674286,7.547505,222973100
2006-07-24,8.751429,8.871428,8.632857,8.774285,7.634515,180714100
2006-07-25,8.825714,8.870000,8.682858,8.847143,7.697908,147267400
2006-07-26,8.857142,9.234285,8.811429,9.124286,7.939050,224606900
2006-07-27,9.214286,9.288571,8.980000,9.057143,7.880629,183761200
2006-07-28,9.134286,9.382857,9.071428,9.370000,8.152843,172876900
2006-07-31,9.547143,9.804286,9.468572,9.708571,8.447438,223210400
2006-08-01,9.602858,9.704286,9.420000,9.597143,8.350483,177941400
2006-08-02,9.664286,9.811429,9.644286,9.737143,8.472298,137692100
2006-08-03,9.701428,10.000000,9.687143,9.941428,8.650046,210261100
2006-08-04,9.578571,9.801429,9.280000,9.757143,8.489697,463216600
2006-08-07,9.674286,9.942857,9.472857,9.601429,8.354213,311378200
2006-08-08,9.584286,9.587143,9.215714,9.254286,8.052162,249466000
2006-08-09,9.347143,9.371428,9.057143,9.084286,7.904245,238959700
2006-08-10,9.035714,9.258572,8.957143,9.152857,7.963909,174440000
2006-08-11,9.032857,9.161428,8.940000,9.092857,7.911705,194382300
2006-08-14,9.150000,9.317142,9.085714,9.134286,7.947751,179405100
2006-08-15,9.334286,9.500000,9.257143,9.492857,8.259745,215338200
2006-08-16,9.585714,9.724286,9.475715,9.711429,8.449924,195321000
2006-08-17,9.714286,9.808572,9.597143,9.655714,8.401445,145287100
2006-08-18,9.672857,9.771428,9.608571,9.701428,8.441222,134088500
2006-08-21,9.614285,9.615714,9.450000,9.508572,8.273417,131556600
2006-08-22,9.525714,9.760000,9.500000,9.660000,8.405174,144242000
2006-08-23,9.714286,9.807143,9.562857,9.615714,8.366641,134064700
2006-08-24,9.698571,9.741428,9.467143,9.687143,8.428792,163797900
2006-08-25,9.620000,9.864285,9.615714,9.821428,8.545633,135989700
2006-08-28,9.785714,9.801429,9.525714,9.568571,8.325624,184540300
2006-08-29,9.570000,9.608571,9.302857,9.497143,8.263473,236833100
2006-08-30,9.620000,9.688571,9.525714,9.565714,8.323135,170035600
2006-08-31,9.611428,9.757143,9.522857,9.692857,8.433763,143674300
2006-09-01,9.782857,9.807143,9.688571,9.768572,8.499644,102123700
2006-09-05,9.852858,10.214286,9.792857,10.211429,8.884974,253114400
2006-09-06,10.154285,10.241428,9.957143,10.004286,8.704739,243525800
2006-09-07,10.085714,10.497143,10.035714,10.400000,9.049050,316989400
2006-09-08,10.481428,10.510000,10.272857,10.360000,9.014243,223980400
2006-09-11,10.347143,10.532857,10.202857,10.357142,9.011761,237281100
2006-09-12,10.401428,10.492857,10.207143,10.375714,9.027920,421171800
2006-09-13,10.407143,10.617143,10.328571,10.600000,9.223069,286534500
2006-09-14,10.531428,10.667143,10.494286,10.595715,9.219338,200432400
2006-09-15,10.657143,10.711429,10.470000,10.585714,9.210639,245463400
2006-09-18,10.542857,10.694285,10.471429,10.555715,9.184537,176319500
2006-09-19,10.585714,10.622857,10.400000,10.538571,9.169622,177512300
2006-09-20,10.625714,10.811429,10.602858,10.751429,9.354828,205697800
2006-09-21,10.750000,10.865714,10.574286,10.664286,9.279005,198531200
2006-09-22,10.614285,10.620000,10.368571,10.428572,9.073911,166278000
2006-09-25,10.544286,10.837143,10.531428,10.821428,9.415734,214748100
2006-09-26,10.882857,11.111428,10.871428,11.087143,9.646935,275737000
2006-09-27,11.024285,11.067142,10.831429,10.915714,9.497775,202593300
2006-09-28,11.002857,11.068571,10.850000,11.001429,9.572353,180902400
2006-09-29,11.015715,11.074286,10.954286,10.997143,9.568624,101453100
2006-10-02,10.728572,10.838572,10.614285,10.694285,9.305108,178159800
2006-10-03,10.635715,10.707143,10.455714,10.582857,9.208156,197677200
2006-10-04,10.585714,10.780000,10.451428,10.768572,9.369746,207270700
2006-10-05,10.647142,10.880000,10.590000,10.690000,9.301377,170970800
2006-10-06,10.631429,10.720000,10.544286,10.602858,9.225556,116739700
2006-10-09,10.542857,10.725715,10.504286,10.661428,9.276522,109555600
2006-10-10,10.648571,10.654285,10.440000,10.544286,9.174590,132897100
2006-10-11,10.488571,10.568571,10.371428,10.461429,9.102497,142963800
2006-10-12,10.515715,10.770000,10.514286,10.751429,9.354828,148213800
2006-10-13,10.804286,10.982857,10.677143,10.717143,9.324995,171049200
2006-10-16,10.741428,10.840000,10.684286,10.771428,9.372229,127173200
2006-10-17,10.720000,10.752857,10.577143,10.612857,9.234258,120231300
2006-10-18,10.678572,10.767143,10.558572,10.647142,9.264089,283476900
2006-10-19,11.322857,11.421429,11.165714,11.284286,9.818465,378244300
2006-10-20,11.281428,11.427143,11.238571,11.421429,9.937796,159853400
2006-10-23,11.427143,11.700000,11.392858,11.637143,10.125490,208126800
2006-10-24,11.601429,11.668571,11.457143,11.578571,10.074526,115803100
2006-10-25,11.621428,11.714286,11.572857,11.668571,10.152835,121303700
2006-10-26,11.700000,11.800000,11.590000,11.741428,10.216228,108189200
2006-10-27,11.678572,11.778571,11.430000,11.487143,9.994976,148741600
2006-10-30,11.427143,11.557143,11.357142,11.488571,9.996215,124979400
2006-10-31,11.635715,11.668571,11.461429,11.582857,10.078254,125368600
2006-11-01,11.585714,11.625714,11.194285,11.308572,9.839600,152798100
2006-11-02,11.274285,11.331429,11.214286,11.282857,9.817224,116370800
2006-11-03,11.337143,11.361428,11.112857,11.184286,9.731457,107972200
2006-11-06,11.278571,11.437143,11.204286,11.387143,9.907964,108644200
2006-11-07,11.492857,11.571428,11.447143,11.501429,10.007404,131483100
2006-11-08,11.431429,11.812857,11.412857,11.778571,10.248547,172729200
2006-11-09,11.842857,12.098572,11.731428,11.905714,10.359175,230763400
2006-11-10,11.935715,11.942857,11.785714,11.874286,10.331827,93466100
2006-11-13,11.888572,12.064285,11.805715,12.050000,10.484717,112668500
2006-11-14,12.114285,12.142858,11.985714,12.142858,10.565512,147238700
2006-11-15,12.150000,12.271428,12.000000,12.007143,10.447426,163830800
2006-11-16,12.124286,12.328571,12.088572,12.230000,10.641335,173485200
2006-11-17,12.162857,12.277143,12.142858,12.264286,10.671167,116606000
2006-11-20,12.200000,12.428572,12.171429,12.352858,10.748232,142698500
2006-11-21,12.488571,12.657143,12.444285,12.657143,11.012993,155666700
2006-11-22,12.712857,12.964286,12.550000,12.901428,11.225548,167985300
2006-11-24,12.790000,13.297143,12.785714,13.090000,11.389622,129669400
2006-11-27,13.215714,13.308572,12.785714,12.791429,11.129834,268709000
2006-11-28,12.908571,13.138572,12.844286,13.115714,11.411995,259043400
2006-11-29,13.285714,13.307143,12.892858,13.114285,11.410751,289270800
2006-11-30,13.172857,13.240000,13.008572,13.094286,11.393351,217621600
2006-12-01,13.114285,13.190000,12.871428,13.045714,11.351089,198769900
2006-12-04,13.125714,13.150000,12.928572,13.017143,11.326227,177384200
2006-12-05,13.092857,13.190000,12.981428,13.038571,11.344874,165709600
2006-12-06,12.948571,13.055715,12.810000,12.832857,11.165880,159546100
2006-12-07,12.861428,12.928572,12.414286,12.434286,10.819084,251206900
2006-12-08,12.461429,12.770000,12.428572,12.608571,10.970729,196069300
2006-12-11,12.700000,12.757143,12.578571,12.678572,11.031635,124945100
2006-12-12,12.658571,12.691428,12.218572,12.305715,10.707216,256655000
2006-12-13,12.564285,12.724286,12.450000,12.721429,11.068927,214263000
2006-12-14,12.721429,12.857142,12.608571,12.650000,11.006777,208082700
2006-12-15,12.717143,12.745714,12.475715,12.531428,10.903606,184984800
2006-12-18,12.518572,12.571428,12.084286,12.210000,10.623935,180394200
2006-12-19,12.104285,12.382857,11.945714,12.330000,10.728341,227851400
2006-12-20,12.352858,12.381429,12.105714,12.108571,10.535682,141922900
2006-12-21,12.100000,12.211429,11.742857,11.842857,10.304483,225899800
2006-12-22,11.922857,12.005714,11.657143,11.742857,10.217474,153325900
2006-12-26,11.735714,11.795714,11.555715,11.644286,10.131704,122672200
2006-12-27,11.164286,11.714286,10.967143,11.645715,10.132948,483938700
2006-12-28,11.460000,11.607142,11.378572,11.552857,10.052153,279969200
2006-12-29,11.992857,12.200000,11.908571,12.120000,10.545625,269107300
2007-01-03,12.327143,12.368571,11.700000,11.971429,10.416352,309579900
2007-01-04,12.007143,12.278571,11.974286,12.237143,10.647548,211815100
2007-01-05,12.252857,12.314285,12.057143,12.150000,10.571726,208685400
2007-01-08,12.280000,12.361428,12.182858,12.210000,10.623935,199276700
2007-01-09,12.350000,13.282857,12.164286,13.224286,11.506466,837324600
2007-01-10,13.535714,13.971429,13.350000,13.857142,12.057114,738220000
2007-01-11,13.705714,13.825714,13.585714,13.685715,11.907951,360063200
2007-01-12,13.512857,13.580000,13.318571,13.517143,11.761279,328172600
2007-01-16,13.668571,13.892858,13.635715,13.871428,12.069544,311019100
2007-01-17,13.937143,13.942857,13.545714,13.564285,11.802299,411565000
2007-01-18,13.157143,13.158571,12.721429,12.724286,11.071415,591151400
2007-01-19,12.661428,12.807143,12.588572,12.642858,11.000564,341118400
2007-01-22,12.734285,12.737143,12.235714,12.398571,10.788009,363506500
2007-01-23,12.247143,12.501429,12.215714,12.242857,10.652524,301856100
2007-01-24,12.382857,12.450000,12.297143,12.385715,10.776822,231953400
2007-01-25,12.444285,12.642858,12.290000,12.321428,10.720886,226493400
2007-01-26,12.444285,12.481428,12.141429,12.197143,10.612743,246718500
2007-01-29,12.328571,12.378572,12.218572,12.277143,10.682353,225416100
2007-01-30,12.347143,12.355714,12.178572,12.221429,10.633876,144492600
2007-01-31,12.122857,12.285714,12.050000,12.247143,10.656251,214017300
2007-02-01,12.318571,12.324286,12.105714,12.105714,10.533192,166085500
2007-02-02,12.017143,12.178572,11.957143,12.107142,10.534437,155382500
2007-02-05,12.042857,12.175714,11.991428,11.991428,10.433752,144713100
2007-02-06,12.064285,12.067142,11.837143,12.021428,10.459856,216098400
2007-02-07,12.068571,12.340000,11.935715,12.307143,10.708457,266706300
2007-02-08,12.204286,12.358571,12.201428,12.311429,10.712186,169757700
2007-02-09,12.268572,12.314285,11.887143,11.895715,10.350472,215135200
2007-02-12,12.061429,12.168571,11.947143,12.125714,10.550594,181017900
2007-02-13,12.165714,12.184286,12.042857,12.100000,10.528221,145246500
2007-02-14,12.090000,12.234285,12.081429,12.185715,10.602801,126995400
2007-02-15,12.205714,12.231428,12.111428,12.172857,10.591615,90915300
2007-02-16,12.178572,12.201428,12.094286,12.118571,10.544380,99967000
2007-02-20,12.092857,12.308572,12.022857,12.271428,10.677382,154425600
2007-02-21,12.282857,12.784286,12.280000,12.742857,11.087570,288828400
2007-02-22,12.971429,12.972857,12.647142,12.787143,11.126102,209556200
2007-02-23,12.737143,12.905714,12.692857,12.724286,11.071415,129473400
2007-02-26,12.834286,12.857142,12.515715,12.644286,11.001805,153962200
2007-02-27,12.328571,12.440000,11.915714,11.990000,10.432510,286453300
2007-02-28,11.857142,12.228572,11.857142,12.087143,10.517034,229868800
2007-03-01,12.004286,12.615714,11.964286,12.437143,10.821570,353882200
2007-03-02,12.395715,12.505714,12.172857,12.201428,10.616474,215000100
2007-03-05,12.270000,12.664286,12.251429,12.331429,10.729586,209724900
2007-03-06,12.542857,12.615714,12.485714,12.598572,10.962030,180796700
2007-03-07,12.578571,12.710000,12.492857,12.531428,10.903606,156571100
2007-03-08,12.655714,12.674286,12.494286,12.571428,10.938412,127752800
2007-03-09,12.685715,12.692857,12.485714,12.567142,10.934680,112959000
2007-03-12,12.581429,12.855714,12.570000,12.838572,11.170854,182352100
2007-03-13,12.772857,12.942857,12.628572,12.628572,10.988131,216972700
2007-03-14,12.657143,12.857142,12.560000,12.857142,11.187015,199146500
2007-03-15,12.851429,12.908571,12.758572,12.795714,11.133562,139874700
2007-03-16,12.791429,12.855714,12.760000,12.798572,11.136050,142926000
2007-03-19,12.891429,13.078571,12.798572,13.018572,11.327473,178240300
2007-03-20,13.050000,13.120000,13.008572,13.068571,11.370974,122229100
2007-03-21,13.141429,13.428572,13.092857,13.410000,11.668055,171724000
2007-03-22,13.390000,13.480000,13.285714,13.422857,11.679242,140373100
2007-03-23,13.335714,13.438571,13.328571,13.360000,11.624548,112721000
2007-03-26,13.427143,13.700000,13.328571,13.692857,11.914167,216246800
2007-03-27,13.672857,13.832857,13.571428,13.637143,11.865690,233013200
2007-03-28,13.554286,13.628572,13.307143,13.320000,11.589743,235584300
2007-03-29,13.455714,13.455714,13.175714,13.392858,11.653137,181430900
2007-03-30,13.468572,13.525714,13.250000,13.272857,11.548724,150139500
2007-04-02,13.448571,13.464286,13.288571,13.378572,11.640708,125498100
2007-04-03,13.448571,13.604285,13.394286,13.500000,11.746363,145983600
2007-04-04,13.562857,13.591429,13.447143,13.467143,11.717775,119196000
2007-04-05,13.445714,13.525714,13.360000,13.525714,11.768736,88879000
2007-04-09,13.601429,13.614285,13.291429,13.378572,11.640708,103335400
2007-04-10,13.381429,13.465714,13.344286,13.464286,11.715289,88116700
2007-04-11,13.414286,13.421429,13.190000,13.227143,11.508949,137254600
2007-04-12,13.148571,13.187143,12.960000,13.170000,11.459229,164168900
2007-04-13,12.985714,13.057143,12.865714,12.891429,11.216845,179985400
2007-04-16,12.938571,13.071428,12.892858,13.061429,11.364762,152258400
2007-04-17,13.142858,13.185715,12.814285,12.907143,11.230516,187980100
2007-04-18,12.880000,12.978572,12.800000,12.914286,11.236732,116011000
2007-04-19,12.884286,13.035714,12.832857,12.895715,11.220572,106478400
2007-04-20,12.984285,13.025714,12.935715,12.995714,11.307585,130694900
2007-04-23,13.084286,13.400000,13.060000,13.358571,11.623304,195072500
2007-04-24,13.422857,13.770000,13.042857,13.320000,11.589743,263813200
2007-04-25,13.461429,13.628572,13.400000,13.621428,11.852020,296786000
2007-04-26,14.511429,14.642858,14.042857,14.120000,12.285826,434444500
2007-04-27,14.025714,14.278571,13.955714,14.274285,12.420069,174850900
2007-04-30,14.298572,14.428572,14.238571,14.257143,12.405153,154127400
2007-05-01,14.227143,14.335714,14.078571,14.210000,12.364135,133130900
2007-05-02,14.235714,14.362857,14.210000,14.341429,12.478493,126286300
2007-05-03,14.390000,14.492857,14.287143,14.342857,12.479732,144019400
2007-05-04,14.400000,14.514286,14.357142,14.401428,12.530697,95496800
2007-05-07,14.440000,14.907143,14.430000,14.845715,12.917270,215389300
2007-05-08,14.781428,15.021428,14.774285,15.008572,13.058974,195999300
2007-05-09,14.987143,15.280000,14.984285,15.268572,13.285197,179439400
2007-05-10,15.232857,15.548572,15.131429,15.334286,13.342376,299314400
2007-05-11,15.391429,15.590000,15.254286,15.534286,13.516395,163424100
2007-05-14,15.660000,15.714286,15.464286,15.622857,13.593463,162986600
2007-05-15,15.652857,15.742857,15.211429,15.360000,13.364749,238628600
2007-05-16,15.504286,15.547143,14.774285,15.334286,13.342376,281691900
2007-05-17,15.307143,15.695714,15.307143,15.634286,13.603409,183822800
2007-05-18,15.747143,15.805715,15.681429,15.717143,13.675502,155336300
2007-05-21,15.758572,16.064285,15.721429,15.997143,13.919127,159973100
2007-05-22,16.070000,16.250000,16.001429,16.219999,14.113034,143102400
2007-05-23,16.288572,16.428572,16.084286,16.127142,14.032239,227843700
2007-05-24,16.115715,16.351429,15.767143,15.812857,13.758779,221840500
2007-05-25,16.000000,16.254286,15.928572,16.231428,14.122980,158239900
2007-05-29,16.350000,16.408571,16.098572,16.335714,14.213718,161423500
2007-05-30,16.328571,16.982857,16.218571,16.967142,14.763127,369611200
2007-05-31,17.152857,17.452858,17.077143,17.312857,15.063934,324266600
2007-06-01,17.299999,17.312857,16.898571,16.914286,14.717135,221315500
2007-06-04,16.947144,17.389999,16.842857,17.332857,15.081335,221668300
2007-06-05,17.344286,17.527143,17.214285,17.524286,15.247898,230196400
2007-06-06,17.471428,17.721428,17.421429,17.662857,15.368467,278060300
2007-06-07,17.855715,18.230000,17.598572,17.724285,15.421922,478769900
2007-06-08,17.974285,17.975714,17.469999,17.784286,15.474121,310420600
2007-06-11,18.000000,18.021429,17.077143,17.170000,14.939635,468564600
2007-06-12,17.049999,17.387142,16.901428,17.197144,14.963250,356641600
2007-06-13,17.307142,17.312857,16.485714,16.785715,14.605266,430338300
2007-06-14,16.742857,17.064285,16.631428,16.964285,14.760639,243316500
2007-06-15,17.231428,17.238571,17.122858,17.214285,14.978167,202804700
2007-06-18,17.611429,17.882856,17.505714,17.870001,15.548704,227651200
2007-06-19,17.812857,17.858572,17.558571,17.665714,15.370952,235756500
2007-06-20,17.695715,17.808571,17.357143,17.364286,15.108682,224378000
2007-06-21,17.385714,17.755714,17.245714,17.700001,15.400788,216761300
2007-06-22,17.692858,17.778572,17.482857,17.571428,15.288919,157969000
2007-06-25,17.741428,17.870001,17.294285,17.477142,15.206882,241350900
2007-06-26,17.711428,17.714285,16.959999,17.092857,14.872514,336251300
2007-06-27,17.230000,17.434286,17.037144,17.412857,15.150943,243674200
2007-06-28,17.480000,17.498571,17.142857,17.222857,14.985624,209535900
2007-06-29,17.424286,17.714285,17.298571,17.434286,15.169593,284460400
2007-07-02,17.292856,17.441429,17.042856,17.322857,15.072632,248715600
2007-07-03,17.428572,18.200001,17.357143,18.167143,15.807246,290620400
2007-07-05,18.400000,18.995714,18.384285,18.964285,16.500845,363262900
2007-07-06,19.018572,19.048571,18.628571,18.900000,16.444906,218673700
2007-07-09,18.911428,18.985714,18.454287,18.618572,16.200037,248955000
2007-07-10,18.411428,19.214285,18.401428,18.907143,16.451122,313751900
2007-07-11,18.867144,19.100000,18.758572,18.912857,16.456093,205443000
2007-07-12,19.121429,19.177143,18.912857,19.152857,16.664913,176152200
2007-07-13,19.290001,19.692858,19.217142,19.675714,17.119856,226901500
2007-07-16,19.770000,19.997143,19.642857,19.728571,17.165846,234028200
2007-07-17,19.757143,19.942858,19.642857,19.844286,17.266529,177489900
2007-07-18,19.741428,19.777143,19.434286,19.731428,17.168333,189214200
2007-07-19,20.042856,20.115715,19.950001,20.000000,17.402020,183222900
2007-07-20,20.235714,20.597143,20.000000,20.535715,17.868141,291943400
2007-07-23,20.472857,20.745714,20.132856,20.528572,17.861933,259122500
2007-07-24,19.840000,20.142857,19.164286,19.270000,16.766842,448823200
2007-07-25,19.621429,19.765715,19.285715,19.608572,17.061436,374045700
2007-07-26,20.844286,21.214285,19.565714,20.857143,18.147821,546657300
2007-07-27,20.884285,21.274286,20.540001,20.549999,17.880575,290274600
2007-07-30,20.618572,20.778572,19.938572,20.204287,17.579767,276747100
2007-07-31,20.424286,20.497143,18.788572,18.822857,16.377790,440598200
2007-08-01,19.091429,19.340000,18.252857,19.285715,16.780514,437539200
2007-08-02,19.521429,19.565714,19.164286,19.498571,16.965725,213161200
2007-08-03,19.322857,19.421429,18.785715,18.835714,16.388975,169796900
2007-08-06,18.985714,19.324286,18.328571,19.321428,16.811590,231292600
2007-08-07,19.277143,19.605715,18.947144,19.290001,16.784248,237484100
2007-08-08,19.537144,19.551428,18.857143,19.144285,16.657459,202024200
2007-08-09,18.730000,19.000000,17.870001,18.055714,15.710296,281348900
2007-08-10,17.588572,18.250000,17.185715,17.857143,15.537517,352687300
2007-08-13,18.331429,18.478571,18.071428,18.255714,15.884315,188227900
2007-08-14,18.327143,18.328571,17.672857,17.718571,15.416947,184751700
2007-08-15,17.534286,17.837143,17.092857,17.128571,14.903587,248213000
2007-08-16,16.715714,16.928572,15.945714,16.721428,14.549329,466672500
2007-08-17,17.430000,17.642857,17.117144,17.437143,15.172074,298765600
2007-08-20,17.708570,17.785715,17.214285,17.459999,15.191957,200829300
2007-08-21,17.458570,18.422857,17.285715,18.224285,15.856968,325761800
2007-08-22,18.745714,18.964285,18.618572,18.930000,16.471014,265441400
2007-08-23,19.012857,19.048571,18.537144,18.724285,16.292017,216709500
2007-08-24,18.647142,19.338572,18.544285,19.328571,16.817804,227958500
2007-08-27,19.055714,19.237143,18.871429,18.892857,16.438692,176859900
2007-08-28,18.712856,18.915714,18.090000,18.117144,15.763741,294841400
2007-08-29,18.554285,19.168571,18.505714,19.154285,16.666166,291715200
2007-08-30,18.952858,19.750000,18.900000,19.464285,16.935894,358895600
2007-08-31,19.927143,19.950001,19.629999,19.782858,17.213085,219221800
2007-09-04,19.991428,20.818571,19.977142,20.594286,17.919109,329210700
2007-09-05,20.709999,20.834286,19.442858,19.537144,16.999289,582055600
2007-09-06,19.365715,19.652857,18.958570,19.287144,16.781769,475315400
2007-09-07,18.858572,18.900000,18.571428,18.824286,16.379028,357644000
2007-09-10,19.570000,19.719999,19.135714,19.530001,16.993073,371959700
2007-09-11,19.700001,19.757143,19.107143,19.355715,16.841429,242971400
2007-09-12,19.427143,19.914286,19.392857,19.549999,17.010475,255692500
2007-09-13,19.832857,19.857143,19.521429,19.600000,17.053982,164040800
2007-09-14,19.510000,19.854286,19.457144,19.830000,17.254101,151830000
2007-09-17,19.855715,20.084286,19.657143,19.772858,17.204382,198342900
2007-09-18,19.865715,20.407143,19.690001,20.131428,17.516373,266022400
2007-09-19,20.431429,20.451429,19.914286,20.110001,17.497732,256720100
2007-09-20,20.021429,20.255714,19.902857,20.044285,17.440552,172960200
2007-09-21,20.162857,20.664286,20.044285,20.592857,17.917858,284720100
2007-09-24,20.961428,21.407143,20.950001,21.182858,18.431223,263040400
2007-09-25,20.977142,21.888571,20.974285,21.882856,19.040298,298137700
2007-09-26,22.067142,22.142857,21.607143,21.824286,18.989334,243817000
2007-09-27,21.967142,22.074286,21.760000,22.071428,19.204372,164549700
2007-09-28,21.920000,22.085714,21.821428,21.924286,19.076338,153775300
2007-10-01,22.090000,22.487143,21.847143,22.334286,19.433083,209267100
2007-10-02,22.364286,22.655714,22.270000,22.635714,19.695351,198017400
2007-10-03,22.540001,22.740000,22.430000,22.559999,19.629475,173129600
2007-10-04,22.571428,22.582857,21.928572,22.320000,19.420652,164239600
2007-10-05,22.624287,23.082857,22.528572,23.064285,20.068256,235867800
2007-10-08,23.355715,23.987143,23.281429,23.987143,20.871237,208982200
2007-10-09,24.314285,24.444286,23.811428,23.980000,20.865021,276071600
2007-10-10,23.935715,23.982857,23.657143,23.827143,20.732019,166897500
2007-10-11,24.212856,24.554285,21.887142,23.175714,20.165209,410998000
2007-10-12,23.287144,23.897142,23.114286,23.892857,20.789192,247044000
2007-10-15,23.997143,24.224285,23.357143,23.854286,20.755640,269482500
2007-10-16,23.648571,24.311428,23.592857,24.225714,21.078815,266957600
2007-10-17,24.670000,24.719999,24.168571,24.678572,21.472849,281903300
2007-10-18,24.500000,24.884285,24.435715,24.785715,21.566072,205919000
2007-10-19,24.891428,24.947144,24.285715,24.345715,21.183229,322945000
2007-10-22,24.335714,24.985714,24.280001,24.908571,21.672972,412374900
2007-10-23,26.937143,26.942858,26.108572,26.594286,23.139713,448791000
2007-10-24,26.544285,26.744286,25.605715,26.561428,23.111124,322120400
2007-10-25,26.410000,26.557142,25.951429,26.111429,22.719578,243400500
2007-10-26,26.469999,26.481428,26.125713,26.385714,22.958233,176719200
2007-10-29,26.492857,26.655714,26.385714,26.441429,23.006708,135138500
2007-10-30,26.597143,27.052856,26.389999,26.714285,23.244125,234853500
2007-10-31,26.804285,27.160000,26.421429,27.135714,23.610807,208327700
2007-11-01,26.942858,27.157143,25.714285,26.777143,23.298817,201259100
2007-11-02,27.030001,27.062857,26.212856,26.838572,23.352268,250528600
2007-11-05,26.469999,26.994286,26.320000,26.597143,23.142200,201044200
2007-11-06,26.721428,27.428572,26.467142,27.398571,23.839521,238681800
2007-11-07,27.230000,27.525715,26.590000,26.614286,23.157114,248581900
2007-11-08,26.667143,26.700001,23.967142,25.067142,21.810946,472594500
2007-11-09,24.450001,25.017143,23.601429,23.624287,20.555513,381595200
2007-11-12,23.611429,23.957144,21.518572,21.965714,19.112387,442266300
2007-11-13,22.978571,24.425714,21.965714,24.280001,21.126051,434861700
2007-11-14,25.308571,25.367144,23.391428,23.730000,20.647495,362292000
2007-11-15,23.770000,24.227142,22.900000,23.471428,20.422514,371852600
2007-11-16,23.614286,23.860001,22.761429,23.770000,20.682297,345873500
2007-11-19,23.728571,24.028572,23.157143,23.421429,20.379009,288607200
2007-11-20,23.667143,24.541430,23.361429,24.121429,20.988075,385910700
2007-11-21,23.691429,24.621429,23.524286,24.065714,20.939602,304452400
2007-11-23,24.571428,24.578571,24.250000,24.505714,21.322441,116439400
2007-11-26,24.798571,25.324286,24.621429,24.648571,21.446745,326438700
2007-11-27,25.031429,25.112858,24.287144,24.972857,21.728909,329257600
2007-11-28,25.260000,25.799999,25.049999,25.745714,22.401373,287728000
2007-11-29,25.632856,26.452858,25.592857,26.327143,22.907272,262731700
2007-11-30,26.762857,26.814285,25.671429,26.031429,22.649973,296950500
2007-12-03,25.980000,26.305714,25.385714,25.551428,22.232321,240367400
2007-12-04,25.307142,25.842857,25.284286,25.687143,22.350409,193449900
2007-12-05,26.127142,26.571428,26.058571,26.500000,23.057673,223100500
2007-12-06,26.598572,27.157143,26.588572,27.135714,23.610807,224952700
2007-12-07,27.219999,27.855715,26.862858,27.757143,24.151518,266516600
2007-12-10,27.655714,27.951429,27.527143,27.744286,24.140327,180594400
2007-12-11,27.821428,28.118572,26.770000,26.934286,23.435551,277731300
2007-12-12,27.634285,27.782858,26.537144,27.265715,23.723923,306415200
2007-12-13,27.170000,27.445715,26.831429,27.404285,23.844496,216154400
2007-12-14,27.195715,27.600000,27.077143,27.198572,23.665503,168578200
2007-12-17,27.245714,27.521429,26.139999,26.342857,22.920942,256173400
2007-12-18,26.645714,26.761429,25.514286,26.139999,22.744442,305650800
2007-12-19,26.139999,26.377142,25.842857,26.160000,22.761839,206869600
2007-12-20,26.490000,26.832857,26.190001,26.744286,23.270227,193514300
2007-12-21,27.160000,27.701429,27.127142,27.701429,24.103043,248490200
2007-12-24,27.861429,28.475714,27.827143,28.400000,24.710867,120050700
2007-12-26,28.430000,28.708570,28.117144,28.421429,24.729515,175933100
2007-12-27,28.421429,28.994286,28.257143,28.367144,24.682278,198881900
2007-12-28,28.655714,28.794285,28.125713,28.547142,24.838896,174911800
2007-12-31,28.500000,28.642857,28.250000,28.297142,24.621370,134833300
2008-01-02,28.467142,28.608572,27.507143,27.834286,24.218641,269794700
2008-01-03,27.915714,28.198572,27.527143,27.847143,24.229824,210516600
2008-01-04,27.350000,27.571428,25.555714,25.721428,22.380234,363958000
2008-01-07,25.892857,26.228571,24.318571,25.377142,22.080675,518048300
2008-01-08,25.734285,26.065714,24.400000,24.464285,21.286396,380954000
2008-01-09,24.471428,25.642857,24.042856,25.628571,22.299444,453470500
2008-01-10,25.368572,25.857143,25.058571,25.431429,22.127913,370743800
2008-01-11,25.142857,25.407143,24.285715,24.670000,21.465391,308071400
2008-01-14,25.360001,25.631428,25.024286,25.540001,22.222380,275112600
2008-01-15,25.388571,25.602858,23.522858,24.148571,21.011692,585819500
2008-01-16,23.604286,24.144285,22.385714,22.805714,19.843267,553461300
2008-01-17,23.072857,23.622858,22.631428,22.984285,19.998650,439464900
2008-01-18,23.101429,23.678572,22.801428,23.051428,20.057064,431085900
2008-01-22,21.151428,22.854286,20.857143,22.234285,19.346073,608688500
2008-01-23,19.455715,20.000000,18.020000,19.867144,17.286425,843242400
2008-01-24,19.998571,20.100000,18.858572,19.371429,16.855103,501466700
2008-01-25,19.855715,19.870001,18.515715,18.572857,16.160263,388684800
2008-01-28,18.308571,19.028572,18.064285,18.572857,16.160263,368711000
2008-01-29,18.735714,18.969999,18.435715,18.791430,16.350443,274995700
2008-01-30,18.767143,19.350000,18.571428,18.882856,16.429996,310762900
2008-01-31,18.492857,19.521429,18.485714,19.337143,16.825266,336418600
2008-02-01,19.462856,19.512857,18.882856,19.107143,16.625145,252686000
2008-02-04,19.172857,19.414286,18.774286,18.807142,16.364109,224808500
2008-02-05,18.632856,19.142857,18.414286,18.480000,16.079466,285260500
2008-02-06,18.690001,18.845715,17.395714,17.428572,15.164618,393318100
2008-02-07,17.138571,17.825714,16.752857,17.320000,15.070151,520832900
2008-02-08,17.440001,17.957144,17.371429,17.925714,15.597180,338993200
2008-02-11,18.287144,18.568571,18.171429,18.492857,16.090656,300358100
2008-02-12,18.671429,18.714285,17.660000,17.837143,15.520117,306495000
2008-02-13,18.097143,18.540001,17.947144,18.485714,16.084436,242133500
2008-02-14,18.485714,18.685715,18.144285,18.208570,15.843295,238524300
2008-02-15,18.038572,18.154285,17.722857,17.804285,15.491525,225325100
2008-02-19,17.998571,18.107143,17.348572,17.454287,15.186989,251261500
2008-02-20,17.457144,17.799999,17.382856,17.688572,15.390842,241859800
2008-02-21,18.007143,18.067142,17.265715,17.362858,15.107439,234528700
2008-02-22,17.497143,17.501429,16.552856,17.065714,14.848895,382469500
2008-02-25,16.941429,17.167143,16.665714,17.105715,14.883700,314193600
2008-02-26,16.805714,17.298571,16.491428,17.021429,14.810359,376222000
2008-02-27,16.889999,17.578571,16.870001,17.565714,15.283946,368784500
2008-02-28,18.171429,18.885714,17.967142,18.558571,16.147829,404563600
2008-02-29,18.469999,18.601429,17.828571,17.860001,15.540001,313870200
2008-03-03,17.777143,17.997143,16.857143,17.389999,15.131056,398260800
2008-03-04,17.427143,17.840000,17.200001,17.802856,15.490279,446345900
2008-03-05,17.654285,17.877142,17.464285,17.784286,15.474121,305459000
2008-03-06,17.801428,18.214285,17.258572,17.275715,15.031615,368424700
2008-03-07,17.201429,17.568571,17.007143,17.464285,15.195691,307615700
2008-03-10,17.425714,17.637142,17.052856,17.098572,14.877481,249897200
2008-03-11,17.728571,18.211428,17.428572,18.192858,15.829622,290985800
2008-03-12,18.148571,18.382856,17.881428,18.004286,15.665545,264907300
2008-03-13,17.728571,18.500000,17.571428,18.277143,15.902957,315525700
2008-03-14,18.554285,18.614286,17.742857,18.087143,15.737639,289160200
2008-03-17,17.507143,18.370001,17.507143,18.104286,15.752557,268149700
2008-03-18,18.454287,19.000000,18.381428,18.974285,16.509535,301280000
2008-03-19,19.017143,19.184286,18.524286,18.524286,16.118000,252634200
2008-03-20,18.731428,19.041430,18.454287,19.038572,16.565475,227196900
2008-03-24,19.144285,20.121429,19.091429,19.932858,17.343601,266730100
2008-03-25,19.994286,20.442858,19.618572,20.139999,17.523830,263097800
2008-03-26,20.124287,20.820000,20.091429,20.722857,18.030985,295521100
2008-03-27,20.707144,20.758572,19.998571,20.035715,17.433088,249957400
2008-03-28,20.257143,20.664286,20.228571,20.430000,17.776163,178652600
2008-03-31,20.467142,20.815714,20.360001,20.500000,17.837072,192016300
2008-04-01,20.900000,21.379999,20.515715,21.361429,18.586599,258141800
2008-04-02,21.254286,21.600000,20.835714,21.070000,18.333029,261242100
2008-04-03,21.008572,21.947144,21.000000,21.658571,18.845150,262892000
2008-04-04,21.741428,22.101429,21.535715,21.868572,19.027864,213604300
2008-04-07,22.304285,22.812857,22.158571,22.270000,19.377150,289581600
2008-04-08,21.935715,22.350000,21.760000,21.834286,18.998034,253573600
2008-04-09,21.901428,21.984285,21.494286,21.634285,18.824011,218349600
2008-04-10,21.590000,22.202858,21.514286,22.078571,19.210585,238940800
2008-04-11,21.817142,21.900000,20.914286,21.020000,18.289520,302519000
2008-04-14,20.967142,21.321428,20.648571,21.111429,18.369074,211271900
2008-04-15,21.342857,21.388571,20.817142,21.197144,18.443655,174509300
2008-04-16,21.674286,22.014286,21.517143,21.957144,19.104939,198943500
2008-04-17,22.024286,22.285715,21.907143,22.070000,19.203129,176066800
2008-04-18,22.731428,23.180000,22.625713,23.005714,20.017294,256691400
2008-04-21,23.172857,24.071428,23.108572,24.022858,20.902311,259788200
2008-04-22,23.914286,24.000000,22.584286,22.885714,19.912884,359893100
2008-04-23,23.435715,23.548571,23.011429,23.270000,20.247250,376047700
2008-04-24,23.620001,24.282858,22.741428,24.134285,20.999262,424016600
2008-04-25,24.385714,24.442858,23.774286,24.247143,21.097460,248118500
2008-04-28,24.250000,24.821428,24.161428,24.605715,21.409454,196803600
2008-04-29,24.444286,25.094286,24.321428,25.007143,21.758741,230869100
2008-04-30,25.170000,25.714285,24.702858,24.850000,21.622013,284881100
2008-05-01,24.994286,25.714285,24.980000,25.714285,22.374029,225894200
2008-05-02,25.741428,25.988571,25.507143,25.848572,22.490870,251520500
2008-05-05,25.988571,26.472857,25.864286,26.389999,22.961966,213639300
2008-05-06,26.379999,26.731428,26.025715,26.665714,23.201864,229717600
2008-05-07,26.578571,26.885714,25.791430,26.084286,22.695963,289283400
2008-05-08,26.252857,26.642857,26.152857,26.437143,23.002985,224771400
2008-05-09,26.165714,26.321428,25.910000,26.207144,22.802856,168268100
2008-05-12,26.458570,26.981428,26.121429,26.879999,23.388311,204640800
2008-05-13,26.944286,27.350000,26.837143,27.137142,23.612049,205809100
2008-05-14,27.318571,27.462856,26.510000,26.608572,23.152143,229205900
2008-05-15,26.687143,27.128571,26.314285,27.104286,23.583462,218302000
2008-05-16,27.158571,27.185715,26.714285,26.802856,23.321188,191442300
2008-05-19,26.837143,26.955715,25.900000,26.228571,22.821503,236455100
2008-05-20,25.974285,26.594286,25.731428,26.557142,23.107401,242462500
2008-05-21,26.524286,26.850000,25.178572,25.455715,22.149036,289414300
2008-05-22,25.608572,25.904285,24.571428,25.292856,22.007339,301683900
2008-05-23,25.824286,25.998571,25.400000,25.881428,22.519453,226729300
2008-05-27,26.107143,26.632856,25.977142,26.632856,23.173273,197476300
2008-05-28,26.772858,26.850000,26.245714,26.715714,23.245367,185994900
2008-05-29,26.680000,26.885714,26.500000,26.670000,23.205589,161796600
2008-05-30,26.778572,27.077143,26.768572,26.964285,23.461653,152546100
2008-06-02,26.942858,27.092857,26.361429,26.585714,23.132261,169960000
2008-06-03,26.694286,26.885714,26.048571,26.481428,23.041508,187630100
2008-06-04,26.288572,26.727142,26.175714,26.455715,23.019142,181745900
2008-06-05,26.620001,27.120001,26.528572,27.061428,23.546171,188861400
2008-06-06,26.857143,27.135714,26.507143,26.520000,23.075077,241605700
2008-06-09,26.398571,26.420000,25.107143,25.944286,22.574152,472098200
2008-06-10,25.787144,26.682858,25.574286,26.520000,23.075077,285235300
2008-06-11,26.334286,26.571428,25.655714,25.830000,22.474701,240387700
2008-06-12,25.927143,26.085714,24.457144,24.751429,21.536240,327083400
2008-06-13,24.520000,24.879999,23.615715,24.624287,21.425613,336489300
2008-06-16,24.471428,25.414286,24.152857,25.262857,21.981237,262932600
2008-06-17,25.442858,25.998571,25.344286,25.918571,22.551779,224914200
2008-06-18,25.874287,26.028572,25.335714,25.535715,22.218649,202867000
2008-06-19,25.507143,26.048571,25.257143,25.842857,22.485895,197987300
2008-06-20,25.621429,25.857143,25.000000,25.038572,21.786083,222091800
2008-06-23,24.962856,25.125713,24.508572,24.737143,21.523808,161445200
2008-06-24,24.624287,25.111429,24.518572,24.750000,21.534998,155486800
2008-06-25,24.944286,25.547142,24.840000,25.341429,22.049606,161112700
2008-06-26,24.867144,24.977142,24.001429,24.037144,20.914749,217402500
2008-06-27,23.787144,24.367144,23.450001,24.298571,21.142208,260562400
2008-06-30,24.312857,24.571428,23.802856,23.920000,20.812817,171049200
2008-07-01,23.461428,24.959999,23.428572,24.954287,21.712742,277820200
2008-07-02,25.028572,25.350000,24.025715,24.025715,20.904797,209379800
2008-07-03,24.227142,24.595715,23.678572,24.302856,21.145941,130840500
2008-07-07,24.737143,25.304285,24.557142,25.022858,21.772411,205097900
2008-07-08,25.057142,25.671429,24.677143,25.650000,22.318089,222087600
2008-07-09,25.742857,25.844286,24.877142,24.892857,21.659298,223944000
2008-07-10,24.988571,25.334286,24.481428,25.232857,21.955130,210172200
2008-07-11,25.067142,25.301428,24.428572,24.654285,21.451723,232502900
2008-07-14,25.605715,25.614286,24.725714,24.840000,21.613306,221513600
2008-07-15,24.639999,24.820000,23.770000,24.234285,21.086273,260010800
2008-07-16,24.314285,24.704287,24.085714,24.687143,21.480307,186947600
2008-07-17,24.871429,24.997143,24.484285,24.544285,21.355999,189381500
2008-07-18,24.074286,24.235714,23.571428,23.592857,20.528164,217103600
2008-07-21,23.842857,23.928572,23.017143,23.755714,20.669867,340117400
2008-07-22,21.285715,23.251429,20.932858,23.145714,20.139103,469898100
2008-07-23,23.570000,24.052856,23.080000,23.751429,20.666143,265442100
2008-07-24,23.474285,23.608572,22.635714,22.718571,19.767448,209904800
2008-07-25,22.914286,23.285715,22.664286,23.160000,20.151535,158409300
2008-07-28,23.191429,23.209999,22.002857,22.057142,19.191944,195178200
2008-07-29,22.201429,22.778572,21.950001,22.440001,19.525068,171017700
2008-07-30,22.540001,22.927143,22.297142,22.840000,19.873106,181295800
2008-07-31,22.505714,23.171429,22.425714,22.707144,19.757507,159374600
2008-08-01,22.842857,22.855715,22.250000,22.379999,19.472855,136159800
2008-08-04,22.371429,22.557142,21.844286,21.889999,19.046507,148131900
2008-08-05,22.202858,22.971428,22.117144,22.948572,19.967575,172092900
2008-08-06,22.852858,23.914286,22.571428,23.455715,20.408840,197852200
2008-08-07,23.244286,23.735714,23.071428,23.367144,20.331774,168093100
2008-08-08,23.408571,24.235714,23.392857,24.221428,21.075085,178499300
2008-08-11,24.295713,25.214285,24.238571,24.794285,21.573528,222826100
2008-08-12,24.788572,25.612858,24.787144,25.247143,21.967564,209069700
2008-08-13,25.425714,25.714285,25.128571,25.614286,22.287020,210586600
2008-08-14,25.475714,25.778572,25.405714,25.617144,22.289495,177825200
2008-08-15,25.577143,25.678572,25.007143,25.105715,21.844503,177062900
2008-08-18,25.081429,25.401428,24.831429,25.055714,21.801001,138003600
2008-08-19,24.934286,25.295713,24.544285,24.790001,21.569799,154051100
2008-08-20,24.967142,25.277143,24.801428,25.120001,21.856936,126737800
2008-08-21,24.924286,25.064285,24.555714,24.898571,21.664272,134936200
2008-08-22,25.117144,25.357143,25.081429,25.255714,21.975016,109902800
2008-08-25,25.164286,25.175714,24.522858,24.650000,21.447992,121106300
2008-08-26,24.680000,24.982857,24.658571,24.805714,21.583479,111387500
2008-08-27,24.758572,25.108572,24.598572,24.952858,21.711508,119445200
2008-08-28,25.040001,25.178572,24.678572,24.820000,21.595909,107846200
2008-08-29,24.708570,24.785715,24.148571,24.218571,21.072601,149822400
2008-09-02,24.628571,24.785715,23.571428,23.741428,20.657436,195190800
2008-09-03,23.834286,24.097143,23.428572,23.851429,20.753151,183708700
2008-09-04,23.694286,23.987143,22.972857,23.031429,20.039669,185846500
2008-09-05,22.655714,23.200001,22.521429,22.882856,19.910397,196721000
2008-09-08,23.510000,23.555714,21.637142,22.559999,19.629475,261494800
2008-09-09,22.408571,22.851429,21.398571,21.668571,18.853838,311256400
2008-09-10,21.760000,22.141428,21.257143,21.658571,18.845150,243285700
2008-09-11,21.168571,21.855715,20.857143,21.807142,18.974417,242783800
2008-09-12,21.558571,21.558571,20.928572,21.277143,18.513260,198256800
2008-09-15,20.290001,21.098572,20.051428,20.051428,17.446766,230158600
2008-09-16,19.122858,20.357143,18.878571,19.982857,17.387098,299959100
2008-09-17,19.784286,19.787144,18.261429,18.261429,15.889286,300113800
2008-09-18,18.652857,19.347143,17.240000,19.155714,16.667400,419063400
2008-09-19,20.371429,20.600000,19.472857,20.129999,17.515135,357718900
2008-09-22,19.991428,20.035715,18.665714,18.721428,16.289534,214178300
2008-09-23,18.835714,19.400000,18.094286,18.120001,15.766228,320091100
2008-09-24,18.181429,18.707144,17.878571,18.387142,15.998677,261753800
2008-09-25,18.542856,19.255714,18.360001,18.847143,16.398920,251511400
2008-09-26,17.844286,18.542856,17.571428,18.320000,15.940249,281612800
2008-09-29,17.088572,17.097143,14.370000,15.037143,13.083833,655514300
2008-09-30,15.464286,16.428572,15.185715,16.237143,14.127956,406670600
2008-10-01,15.988571,16.051428,15.341429,15.588572,13.563630,324121000
2008-10-02,15.430000,15.541429,14.285714,14.300000,12.442443,402341100
2008-10-03,14.857142,15.214286,13.521428,13.867143,12.065814,573599600
2008-10-06,13.137143,14.111428,12.505714,14.020000,12.198815,526854300
2008-10-07,14.354285,14.500000,12.707143,12.737143,11.082600,469693000
2008-10-08,12.272857,13.761429,12.240000,12.827143,11.160910,551935300
2008-10-09,13.335714,13.685715,12.371428,12.677143,11.030395,404345900
2008-10-10,12.242857,14.285714,12.142858,13.828571,12.032254,554824900
2008-10-13,14.935715,15.790000,14.431429,15.751429,13.705333,384769000
2008-10-14,16.608572,16.628571,14.734285,14.868571,12.937158,495248600
2008-10-15,14.834286,15.285714,13.984285,13.992857,12.175198,396043900
2008-10-16,14.252857,14.775714,13.105714,14.555715,12.664941,495130300
2008-10-17,14.228572,14.577143,12.270000,13.914286,12.106833,440556900
2008-10-20,14.254286,14.290000,13.377143,14.062857,12.236107,387292500
2008-10-21,13.850000,13.985714,13.022857,13.070000,11.372221,548415000
2008-10-22,13.910000,14.464286,13.275714,13.838572,12.040955,562202200
2008-10-23,13.787143,14.178572,13.128572,14.032857,12.210003,418857600
2008-10-24,12.904285,13.985714,12.872857,13.768572,11.980048,397514600
2008-10-27,13.581429,13.947143,13.122857,13.155714,11.446798,302192800
2008-10-28,13.632857,14.357142,13.195714,14.272857,12.418826,408533300
2008-10-29,14.408571,15.648571,14.277143,14.935715,12.995579,487744600
2008-10-30,15.461429,16.027143,15.372857,15.862857,13.802287,409522400
2008-10-31,15.342857,15.825714,15.020000,15.370000,13.373451,414939000
2008-11-03,15.132857,15.585714,14.980000,15.280000,13.295142,264484500
2008-11-04,15.712857,15.970000,15.238571,15.855714,13.796071,349670300
2008-11-05,15.558572,15.674286,14.712857,14.757143,12.840202,314113800
2008-11-06,14.435715,14.682858,14.000000,14.157143,12.318143,329768600
2008-11-07,14.177143,14.264286,13.674286,14.034286,12.211246,273813400
2008-11-10,14.310000,14.342857,13.500000,13.697143,11.917896,280955500
2008-11-11,13.544286,13.881429,13.180000,13.538571,11.779923,306134500
2008-11-12,13.204286,13.320000,12.858571,12.874286,11.201928,294744100
2008-11-13,12.838572,13.777143,12.288571,13.777143,11.987506,463521800
2008-11-14,13.394286,13.427143,12.857142,12.891429,11.216845,351316700
2008-11-17,12.640000,12.935715,12.465714,12.591429,10.955816,290631600
2008-11-18,12.805715,12.998571,12.408571,12.844286,11.175825,302423800
2008-11-19,12.777143,13.082857,12.315714,12.327143,10.725862,292975200
2008-11-20,12.177143,12.350000,11.428572,11.498571,10.004917,429203600
2008-11-21,11.704286,12.017143,11.305715,11.797143,10.264705,392317800
2008-11-24,12.172857,13.541429,12.120000,13.278571,11.553700,360564400
2008-11-25,13.518572,13.530000,12.594286,12.971429,11.286451,308823200
2008-11-26,12.845715,13.607142,12.835714,13.571428,11.808514,224959000
2008-11-28,13.528571,13.537143,13.122857,13.238571,11.518895,74443600
2008-12-01,13.042857,13.181429,12.702857,12.704286,11.054010,230941900
2008-12-02,12.861428,13.235714,12.357142,13.210000,11.494034,287180600
2008-12-03,12.771428,13.747143,12.685715,13.700000,11.920384,334670000
2008-12-04,13.490000,13.601429,12.722857,13.058572,11.362272,272842500
2008-12-05,12.907143,13.498571,12.694285,13.428572,11.684213,260948800
2008-12-08,13.897142,14.400000,13.685715,14.245714,12.395209,296285500
2008-12-09,14.005714,14.800000,13.887143,14.294286,12.437471,300874000
2008-12-10,13.981428,14.212857,13.785714,14.030000,12.207517,234511900
2008-12-11,13.907143,14.462857,13.547143,13.571428,11.808514,260154300
2008-12-12,13.257143,14.142858,13.218572,14.038571,12.214972,260293600
2008-12-15,13.712857,13.744286,13.285714,13.535714,11.777436,222939500
2008-12-16,13.425714,13.782857,13.250000,13.632857,11.861961,273376600
2008-12-17,13.004286,13.014286,12.574286,12.737143,11.082600,323465100
2008-12-18,12.758572,12.975715,12.634286,12.775714,11.116160,214354000
2008-12-19,12.848572,12.991428,12.685715,12.857142,11.187015,200480000
2008-12-22,12.860000,12.861428,12.098572,12.248571,10.657492,211185100
2008-12-23,12.410000,12.552857,12.271428,12.340000,10.737046,158757900
2008-12-24,12.305715,12.321428,12.078571,12.148571,10.570482,67833500
2008-12-26,12.377143,12.488571,12.177143,12.258572,10.666195,77081200
2008-12-29,12.360000,12.517143,12.152857,12.372857,10.765634,171500000
2008-12-30,12.488571,12.578571,12.102858,12.327143,10.725862,241900400
2008-12-31,12.281428,12.534286,12.191428,12.192857,10.609017,151885300
2009-01-02,12.268572,13.005714,12.165714,12.964286,11.280237,186503800
2009-01-05,13.310000,13.740000,13.244286,13.511429,11.756306,295402100
2009-01-06,13.707143,13.881429,13.198571,13.288571,11.562399,322327600
2009-01-07,13.115714,13.214286,12.894286,13.001429,11.312555,188262200
2009-01-08,12.918571,13.307143,12.862857,13.242857,11.522620,168375200
2009-01-09,13.315714,13.340000,12.877143,12.940000,11.259108,136711400
2009-01-12,12.922857,12.998571,12.507143,12.665714,11.020450,154429100
2009-01-13,12.605714,12.820000,12.335714,12.530000,10.902367,199599400
2009-01-14,12.320000,12.464286,12.102858,12.190000,10.606528,255416000
2009-01-15,11.510000,12.017143,11.435715,11.911428,10.364144,457908500
2009-01-16,12.042857,12.054286,11.485714,11.761429,10.233630,261906400
2009-01-20,11.704286,11.714286,11.171429,11.171429,9.720270,229978700
2009-01-21,11.341429,11.840000,11.330000,11.832857,10.295780,272317500
2009-01-22,12.577143,12.857142,12.260000,12.622857,10.983161,352382100
2009-01-23,12.402857,12.838572,12.357142,12.622857,10.983161,190942500
2009-01-26,12.694285,12.995714,12.614285,12.805715,11.142265,173059600
2009-01-27,12.884286,13.078571,12.820000,12.961429,11.277751,154509600
2009-01-28,13.160000,13.571428,13.071428,13.457143,11.709072,215351500
2009-01-29,13.298572,13.477143,13.228572,13.285714,11.559913,148182300
2009-01-30,13.228572,13.374286,12.858571,12.875714,11.203172,162869700
2009-02-02,12.728572,13.142858,12.700000,13.072857,11.374706,139561800
2009-02-03,13.131429,13.340000,12.897142,13.282857,11.557426,149827300
2009-02-04,13.317142,13.750000,13.300000,13.364285,11.628279,202105400
2009-02-05,13.252857,13.892858,13.231428,13.780000,11.989989,187311600
2009-02-06,13.860000,14.285714,13.857142,14.245714,12.395209,171802400
2009-02-09,14.285714,14.714286,14.214286,14.644286,12.742009,178752700
2009-02-10,14.475715,14.644286,13.865714,13.975715,12.160281,212265200
2009-02-11,13.767143,14.044286,13.681429,13.831429,12.034739,168743400
2009-02-12,13.690000,14.250000,13.690000,14.181429,12.339273,204297100
2009-02-13,14.141429,14.277143,14.017143,14.165714,12.325603,152244400
2009-02-17,13.838572,13.862857,13.468572,13.504286,11.750091,169559600
2009-02-18,13.578571,13.692857,13.245714,13.481428,11.730202,171194800
2009-02-19,13.338572,13.464286,12.872857,12.948571,11.266564,230701100
2009-02-20,12.771428,13.200000,12.714286,13.028571,11.336176,187579000
2009-02-23,13.092857,13.142858,12.358571,12.421429,10.807899,196745500
2009-02-24,12.492857,12.984285,12.428572,12.892858,11.218087,201776400
2009-02-25,12.837143,13.274285,12.750000,13.022857,11.331197,208263300
2009-02-26,13.142858,13.274285,12.708571,12.741428,11.086330,157467100
2009-02-27,12.561429,13.042857,12.524285,12.758572,11.101242,176664600
2009-03-02,12.588572,13.028571,12.524285,12.562857,10.930953,192732400
2009-03-03,12.704286,12.962857,12.554286,12.624286,10.984401,181085100
2009-03-04,12.882857,13.252857,12.778571,13.024285,11.332444,185350900
2009-03-05,12.922857,13.124286,12.635715,12.691428,11.042822,176724800
2009-03-06,12.620000,12.628572,11.761429,12.185715,10.602801,252786800
2009-03-09,12.025714,12.514286,11.795714,11.872857,10.330584,174574400
2009-03-10,12.124286,12.738571,12.051429,12.661428,11.016721,211064700
2009-03-11,12.830000,13.438571,12.797143,13.240000,11.520137,211593200
2009-03-12,13.271428,13.797143,13.142858,13.764286,11.976319,192114300
2009-03-13,13.757143,13.885715,13.572857,13.704286,11.924113,150292100
2009-03-16,13.790000,13.912857,13.454286,13.631429,11.860720,199311000
2009-03-17,13.605714,14.241428,13.581429,14.237143,12.387750,196661500
2009-03-18,14.272857,14.782857,14.245714,14.502857,12.618948,199009300
2009-03-19,14.550000,14.742857,14.321428,14.517143,12.631378,125045200
2009-03-20,14.584286,14.730000,14.367143,14.512857,12.627650,173896800
2009-03-23,14.672857,15.451428,14.535714,15.380000,13.382151,166599300
2009-03-24,15.194285,15.634286,15.055715,15.214286,13.237966,160153000
2009-03-25,15.368571,15.480000,14.837143,15.212857,13.236723,161654500
2009-03-26,15.404285,15.711429,15.368571,15.695714,13.656854,154063000
2009-03-27,15.461429,15.504286,15.200000,15.264286,13.281468,123218200
2009-03-30,14.930000,15.001429,14.658571,14.927143,12.988124,125699000
2009-03-31,15.064285,15.350000,15.000000,15.017143,13.066432,142520000
2009-04-01,14.870000,15.571428,14.841429,15.527143,13.510181,147343000
2009-04-02,15.734285,16.392857,15.682858,16.101429,14.009869,203091700
2009-04-03,16.312857,16.590000,16.217142,16.570000,14.417572,159060300
2009-04-06,16.420000,16.964285,16.182858,16.921429,14.723350,164516100
2009-04-07,16.647142,16.667143,16.312857,16.428572,14.294516,134145200
2009-04-08,16.490000,16.684286,16.368572,16.617144,14.458591,113907500
2009-04-09,16.917143,17.142857,16.851429,17.081429,14.862565,132689200
2009-04-13,17.144285,17.282858,17.000000,17.174286,14.943364,97309100
2009-04-14,17.081429,17.167143,16.750000,16.901428,14.705947,113655500
2009-04-15,16.742857,16.892857,16.537144,16.805714,14.622668,103220600
2009-04-16,17.027143,17.592857,16.969999,17.350000,15.096249,148361500
2009-04-17,17.311428,17.750000,17.178572,17.631428,15.341124,124373900
2009-04-20,17.389999,17.570000,17.022858,17.214285,14.978167,116616500
2009-04-21,16.984285,17.448572,16.942858,17.394285,15.134782,117671400
2009-04-22,17.518572,17.907143,17.314285,17.358572,15.103704,234691800
2009-04-23,18.088572,18.171429,17.644285,17.914286,15.587236,236289200
2009-04-24,17.805714,17.877142,17.567142,17.700001,15.400788,135191000
2009-04-27,17.557142,17.857143,17.522858,17.818571,15.503956,120172500
2009-04-28,17.621429,18.030001,17.608572,17.700001,15.400788,113964200
2009-04-29,17.835714,18.121429,17.690001,17.877142,15.554915,114527700
2009-04-30,18.031429,18.142857,17.845715,17.975714,15.640681,124622400
2009-05-01,17.971428,18.278572,17.971428,18.177143,15.815953,99379000
2009-05-04,18.320000,18.892857,18.240000,18.867144,16.416321,152339600
2009-05-05,18.821428,18.980000,18.731428,18.958570,16.495874,99563800
2009-05-06,19.047142,19.071428,18.602858,18.928572,16.469772,118384700
2009-05-07,18.904285,18.912857,18.271429,18.437143,16.042175,132944000
2009-05-08,18.434286,18.747143,18.037144,18.455715,16.058332,116991000
2009-05-11,18.195715,18.708570,18.160000,18.510000,16.105570,101164700
2009-05-12,18.508572,18.530001,17.607143,17.774286,15.465425,152370400
2009-05-13,17.601429,17.717142,17.054285,17.070000,14.852626,148992900
2009-05-14,17.111429,17.647142,17.100000,17.564285,15.282701,111956600
2009-05-15,17.474285,17.802856,17.372858,17.488571,15.216824,91891800
2009-05-18,17.675714,18.100000,17.367144,18.092857,15.742614,114710400
2009-05-19,18.117144,18.472857,17.962856,18.207144,15.842053,93105600
2009-05-20,18.232857,18.458570,17.900000,17.981428,15.645660,97146000
2009-05-21,17.878571,18.111429,17.555714,17.740000,15.435586,101986500
2009-05-22,17.721428,17.740000,17.392857,17.500000,15.226769,74499600
2009-05-26,17.822857,18.690001,17.792856,18.682858,16.255972,159231800
2009-05-27,18.825714,19.282858,18.701429,19.007143,16.538132,161605500
2009-05-28,19.064285,19.341429,18.861429,19.295713,16.789219,121888200
2009-05-29,19.341429,19.414286,19.121429,19.401428,16.881203,114133600
2009-06-01,19.495714,19.998571,19.428572,19.907143,17.321232,113124900
2009-06-02,19.855715,20.191429,19.764286,19.927143,17.338623,114055900
2009-06-03,20.000000,20.158571,19.867144,20.135714,17.520102,141299900
2009-06-04,20.018572,20.597143,20.005714,20.534286,17.866899,137658500
2009-06-05,20.758572,20.914286,20.458570,20.667143,17.982502,158179000
2009-06-08,20.545713,20.604286,19.918571,20.549999,17.880575,232913100
2009-06-09,20.544285,20.651428,20.078571,20.388571,17.740116,169241100
2009-06-10,20.325714,20.335714,19.757143,20.035715,17.433088,172155900
2009-06-11,19.935715,20.222857,19.792856,19.992857,17.395803,131205900
2009-06-12,19.830000,19.871429,19.434286,19.567142,17.025387,140771400
2009-06-15,19.430000,19.561428,19.270000,19.441429,16.916012,134937600
2009-06-16,19.522858,19.781429,19.442858,19.478571,16.948322,128701300
2009-06-17,19.524286,19.635714,19.218571,19.368572,16.852612,142853200
2009-06-18,19.444286,19.714285,19.370001,19.411428,16.889900,106920100
2009-06-19,19.724285,19.928572,19.557142,19.925714,17.337379,180464200
2009-06-22,20.095715,20.222857,19.475714,19.624287,17.075111,158728500
2009-06-23,19.485714,19.564285,18.982857,19.144285,16.657459,176633100
2009-06-24,19.345715,19.642857,19.265715,19.459999,16.932167,121381400
2009-06-25,19.392857,20.028572,19.315714,19.980000,17.384619,147361900
2009-06-26,19.969999,20.508572,19.962856,20.348572,17.705309,109846100
2009-06-29,20.494286,20.564285,20.219999,20.281429,17.646889,141904000
2009-06-30,20.368572,20.542856,20.257143,20.347143,17.704067,108556000
2009-07-01,20.500000,20.665714,20.360001,20.404285,17.753786,103544700
2009-07-02,20.178572,20.404285,19.969999,20.002857,17.404507,92619800
2009-07-06,19.814285,19.855715,19.464285,19.801428,17.229240,124672100
2009-07-07,19.782858,19.954287,19.311428,19.342857,16.830240,115399200
2009-07-08,19.417143,19.719999,19.202858,19.602858,17.056465,143982300
2009-07-09,19.680000,19.712856,19.418571,19.480000,16.949566,85756300
2009-07-10,19.477142,19.852858,19.474285,19.788572,17.218056,111318900
2009-07-13,19.934286,20.334286,19.647142,20.334286,17.692877,120875300
2009-07-14,20.290001,20.454287,20.165714,20.324286,17.684185,86811900
2009-07-15,20.719999,21.000000,20.617144,20.982857,18.257206,121396800
2009-07-16,20.822857,21.145714,20.795713,21.074286,18.336761,98392700
2009-07-17,21.297142,21.717142,21.232857,21.678572,18.862543,150538500
2009-07-20,21.895714,22.148571,21.555714,21.844286,19.006737,183881600
2009-07-21,21.898571,21.918571,21.392857,21.644285,18.832714,218695400
2009-07-22,22.541430,22.675714,22.301428,22.391428,19.482805,218526000
2009-07-23,22.375713,22.634285,22.222857,22.545713,19.617048,131740700
2009-07-24,22.421429,22.857143,22.357143,22.855715,19.886784,109590600
2009-07-27,22.881428,22.982857,22.465714,22.871429,19.900452,108327800
2009-07-28,22.697144,22.871429,22.514286,22.857143,19.888027,90888700
2009-07-29,22.700001,22.921429,22.607143,22.861429,19.891754,95539500
2009-07-30,23.100000,23.531429,23.071428,23.255714,20.234823,117401200
2009-07-31,23.284286,23.571428,23.272858,23.341429,20.309401,105634200
2009-08-03,23.601429,23.805714,23.552856,23.775715,20.687271,98560000
2009-08-04,23.561428,23.652857,23.458570,23.650000,20.577888,98952700
2009-08-05,23.678572,23.912857,23.458570,23.587143,20.523195,105795900
2009-08-06,23.654285,23.787144,23.298571,23.415714,20.374035,85404200
2009-08-07,23.641428,23.799999,23.542856,23.644285,20.572912,96838700
2009-08-10,23.665714,23.799999,23.379999,23.531429,20.474720,75073600
2009-08-11,23.384285,23.482857,23.125713,23.261429,20.239786,88835600
2009-08-12,23.221428,23.815714,23.208570,23.615715,20.548056,111267800
2009-08-13,23.807142,24.095715,23.785715,24.059999,20.934626,109995200
2009-08-14,23.991428,24.032858,23.647142,23.825714,20.730776,76454000
2009-08-17,23.364286,23.370001,22.774286,22.798571,19.837057,131095300
2009-08-18,23.090000,23.462856,23.058571,23.428572,20.385220,107788100
2009-08-19,23.250000,23.614286,23.207144,23.514286,20.459799,103317900
2009-08-20,23.568571,23.817142,23.515715,23.761429,20.674845,85507800
2009-08-21,23.950001,24.195715,23.828571,24.174286,21.034067,104018600
2009-08-24,24.302856,24.387142,24.038572,24.151428,21.014181,101732400
2009-08-25,24.208570,24.420000,24.161428,24.200001,21.056442,81088700
2009-08-26,24.131428,24.221428,23.822857,23.915714,20.809088,75999700
2009-08-27,24.107143,24.224285,23.547142,24.207144,21.062658,112295400
2009-08-28,24.610001,24.641428,24.075714,24.292856,21.137236,113425200
2009-08-31,24.022858,24.121429,23.785715,24.030001,20.908531,77834400
2009-09-01,23.998571,24.285715,23.562857,23.614286,20.546808,117257000
2009-09-02,23.517143,23.944286,23.444286,23.597143,20.531900,91062300
2009-09-03,23.777143,23.871429,23.571428,23.792856,20.702185,73488800
2009-09-04,23.897142,24.385714,23.870001,24.330000,21.169554,93657200
2009-09-08,24.711428,24.734285,24.571428,24.704287,21.495226,78761900
2009-09-09,24.682858,24.924286,24.242857,24.448572,21.272728,202771800
2009-09-10,24.580000,24.750000,24.401428,24.651428,21.449228,122783500
2009-09-11,24.701429,24.740000,24.410000,24.594286,21.399515,87240300
2009-09-14,24.404285,24.842857,24.321428,24.817142,21.593416,80502800
2009-09-15,24.862858,25.092857,24.798571,25.022858,21.772411,106617700
2009-09-16,25.427143,26.107143,25.411428,25.981428,22.606472,188505800
2009-09-17,25.997143,26.684286,25.995714,26.364286,22.939594,202643000
2009-09-18,26.547142,26.650000,26.394285,26.431429,22.998013,150395700
2009-09-21,26.327143,26.451429,25.945715,26.288572,22.873714,109428900
2009-09-22,26.455715,26.482857,26.121429,26.354286,22.930889,89188400
2009-09-23,26.485714,26.985714,26.432858,26.500000,23.057673,148390900
2009-09-24,26.742857,26.814285,26.110001,26.260000,22.848850,137720100
2009-09-25,26.001429,26.500000,25.920000,26.052856,22.668615,111309800
2009-09-28,26.267143,26.668571,26.190001,26.592857,23.138468,84361200
2009-09-29,26.675714,26.771429,26.330000,26.482857,23.042759,86346400
2009-09-30,26.590000,26.635714,26.087143,26.478571,23.039032,134896300
2009-10-01,26.478571,26.602858,25.814285,25.837143,22.480919,131177900
2009-10-02,25.915714,26.562857,25.907143,26.414286,22.983089,138327000
2009-10-05,26.600000,26.694286,26.324286,26.574286,23.122313,105783300
2009-10-06,26.820000,27.144285,26.757143,27.144285,23.618269,151271400
2009-10-07,27.108572,27.221428,27.004286,27.178572,23.648098,116417000
2009-10-08,27.237143,27.350000,26.984285,27.038572,23.526287,109552800
2009-10-09,26.995714,27.242857,26.945715,27.209999,23.675447,73318000
2009-10-12,27.288572,27.358572,27.091429,27.258572,23.717709,72006200
2009-10-13,27.232857,27.309999,27.100000,27.145714,23.619509,87005100
2009-10-14,27.464285,27.474285,27.175714,27.327143,23.777372,93877700
2009-10-15,27.090000,27.274286,27.075714,27.222857,23.686636,93389100
2009-10-16,27.049999,27.194286,26.834286,26.864286,23.374643,107856700
2009-10-19,26.835714,27.142857,26.507143,27.122858,23.599623,235557700
2009-10-20,28.657143,28.821428,28.264286,28.394285,24.705893,285259800
2009-10-21,28.502857,29.815714,28.461428,29.274286,25.471581,298431700
2009-10-22,29.242857,29.692858,28.930000,29.314285,25.506388,197848000
2009-10-23,29.385714,29.400000,29.032858,29.134285,25.349770,105196700
2009-10-26,29.095715,29.535715,28.585714,28.925714,25.168295,121084600
2009-10-27,28.808571,28.972857,28.064285,28.195715,24.533119,189137900
2009-10-28,28.244286,28.288572,27.299999,27.485714,23.915344,204596700
2009-10-29,27.857143,28.115715,27.448572,28.049999,24.406330,142567600
2009-10-30,28.008572,28.114286,26.881428,26.928572,23.430578,179381300
2009-11-02,27.114286,27.554285,26.510000,27.044285,23.531263,169745800
2009-11-03,26.835714,27.074286,26.559999,26.964285,23.461653,130635400
2009-11-04,27.247143,27.692858,27.175714,27.258572,23.717709,121882600
2009-11-05,27.485714,27.857143,27.402857,27.718571,24.117956,96200300
2009-11-06,27.501429,27.884285,27.485714,27.762857,24.156483,73774400
2009-11-09,28.134285,28.842857,28.037144,28.780001,25.041506,132213900
2009-11-10,28.717142,29.282858,28.715714,28.997143,25.230438,100298800
2009-11-11,29.222857,29.285715,28.832857,29.035715,25.264002,110967500
2009-11-12,29.020000,29.267143,28.775715,28.855715,25.107386,90932800
2009-11-13,28.981428,29.261429,28.867144,29.207144,25.413157,85810200
2009-11-16,29.354286,29.714285,29.287144,29.518572,25.684139,121301600
2009-11-17,29.440001,29.634285,29.285715,29.571428,25.730127,99128400
2009-11-18,29.505714,29.571428,29.142857,29.422857,25.600855,93580200
2009-11-19,29.230000,29.230000,28.542856,28.644285,24.923416,135581600
2009-11-20,28.450001,28.627142,28.251429,28.559999,24.850084,101666600
2009-11-23,29.000000,29.428572,28.992857,29.411428,25.590912,118724200
2009-11-24,29.332857,29.411428,28.985714,29.205715,25.411919,79609600
2009-11-25,29.342857,29.378571,29.108572,29.170000,25.380844,71613500
2009-11-27,28.459999,28.994286,28.338572,28.655714,24.933365,73814300
2009-11-30,28.730000,28.811428,28.395714,28.558571,24.848841,106214500
2009-12-01,28.891428,28.967142,28.118572,28.138571,24.483395,116440800
2009-12-02,28.422857,28.774286,27.964285,28.032858,24.391418,178815000
2009-12-03,28.202858,28.425714,28.038572,28.068571,24.422493,112179900
2009-12-04,28.528572,28.554285,27.182858,27.617144,24.029699,206721200
2009-12-07,27.617144,27.681429,26.954287,26.992857,23.486513,178689700
2009-12-08,27.051428,27.478571,26.957144,27.124287,23.600866,172599700
2009-12-09,27.325714,28.308571,27.187143,28.257143,24.586569,171195500
2009-12-10,28.500000,28.528572,28.017143,28.061428,24.416273,122417400
2009-12-11,28.254286,28.285715,27.632856,27.809999,24.197510,107443700
2009-12-14,27.910000,28.204287,27.508572,28.139999,24.484638,123947600
2009-12-15,27.975714,28.215714,27.610001,27.738571,24.135363,104864900
2009-12-16,27.871429,28.071428,27.792856,27.861429,24.242254,88246200
2009-12-17,27.751429,27.857143,27.285715,27.408571,23.848227,97209700
2009-12-18,27.595715,27.928572,27.514286,27.918571,24.291979,152192600
2009-12-21,28.007143,28.535715,27.952858,28.318571,24.640015,152976600
2009-12-22,28.491428,28.692858,28.379999,28.622858,24.904774,87378900
2009-12-23,28.742857,28.911428,28.687143,28.871429,25.121056,86381400
2009-12-24,29.078571,29.907143,29.049999,29.862858,25.983706,125222300
2009-12-28,30.245714,30.564285,29.944286,30.230000,26.303152,161141400
2009-12-29,30.375713,30.388571,29.818571,29.871429,25.991158,111301400
2009-12-30,29.832857,30.285715,29.758572,30.234285,26.306877,103021100
2009-12-31,30.447144,30.478571,30.080000,30.104286,26.193771,88102700
2010-01-04,30.490000,30.642857,30.340000,30.572857,26.601469,123432400
2010-01-05,30.657143,30.798571,30.464285,30.625713,26.647457,150476200
2010-01-06,30.625713,30.747143,30.107143,30.138571,26.223597,138040000
2010-01-07,30.250000,30.285715,29.864286,30.082857,26.175119,119282800
2010-01-08,30.042856,30.285715,29.865715,30.282858,26.349140,111902700
2010-01-11,30.400000,30.428572,29.778572,30.015715,26.116703,115557400
2010-01-12,29.884285,29.967142,29.488571,29.674286,25.819624,148614900
2010-01-13,29.695715,30.132856,29.157143,30.092857,26.183823,151473000
2010-01-14,30.015715,30.065714,29.860001,29.918571,26.032179,108223500
2010-01-15,30.132856,30.228571,29.410000,29.418571,25.597126,148516900
2010-01-19,29.761429,30.741428,29.605715,30.719999,26.729498,182501900
2010-01-20,30.701429,30.792856,29.928572,30.247143,26.318066,153038200
2010-01-21,30.297142,30.472857,29.601429,29.724285,25.863125,152038600
2010-01-22,29.540001,29.642857,28.165714,28.250000,24.580349,220441900
2010-01-25,28.930000,29.242857,28.598572,29.010000,25.241627,266424900
2010-01-26,29.421429,30.530001,28.940001,29.420000,25.598370,466777500
2010-01-27,29.549999,30.082857,28.504286,29.697144,25.839514,430642100
2010-01-28,29.275715,29.357143,28.385714,28.469999,24.771774,293375600
2010-01-29,28.725714,28.885714,27.178572,27.437143,23.873083,311488100
2010-02-01,27.481428,28.000000,27.328571,27.818571,24.204962,187469100
2010-02-02,27.987143,28.045713,27.625713,27.980000,24.345423,174585600
2010-02-03,27.881428,28.600000,27.774286,28.461428,24.764317,153832000
2010-02-04,28.104286,28.338572,27.367144,27.435715,23.871843,189413000
2010-02-05,27.518572,28.000000,27.264286,27.922857,24.295704,212576700
2010-02-08,27.955715,28.268572,27.714285,27.731428,24.129141,119567700
2010-02-09,28.059999,28.214285,27.821428,28.027143,24.386444,158221700
2010-02-10,27.984285,28.085714,27.751429,27.874287,24.253443,92590400
2010-02-11,27.840000,28.535715,27.722857,28.381428,24.694708,137586400
2010-02-12,28.301428,28.805714,27.928572,28.625713,24.907267,163867200
2010-02-16,28.848572,29.098572,28.788572,29.057142,25.282644,135934400
2010-02-17,29.170000,29.187143,28.694286,28.935715,25.176991,109099200
2010-02-18,28.804285,29.127142,28.702858,28.990000,25.224226,105706300
2010-02-19,28.837143,29.028572,28.730000,28.809999,25.067610,103867400
2010-02-22,28.905714,28.928572,28.455715,28.631428,24.912235,97640900
2010-02-23,28.571428,28.761429,27.958570,28.151428,24.494585,143773700
2010-02-24,28.318571,28.777143,28.262857,28.665714,24.942062,115141600
2010-02-25,28.197144,28.980000,28.127142,28.857143,25.108627,166281500
2010-02-26,28.911428,29.309999,28.857143,29.231428,25.434294,126865200
2010-03-01,29.392857,29.928572,29.350000,29.855715,25.977488,137523400
2010-03-02,29.990000,30.118572,29.677143,29.835714,25.960085,141636600
2010-03-03,29.848572,29.981428,29.705715,29.904285,26.019743,93013200
2010-03-04,29.897142,30.131428,29.804285,30.101429,26.191282,91510300
2010-03-05,30.705715,31.385714,30.661428,31.278572,27.215511,224905100
2010-03-08,31.430000,31.441429,31.178572,31.297142,27.231672,107472400
2010-03-09,31.187143,32.142857,31.127142,31.860001,27.721418,230064800
2010-03-10,31.975714,32.211430,31.885714,32.119999,27.947645,149054500
2010-03-11,31.987143,32.214287,31.902857,32.214287,28.029676,101425100
2010-03-12,32.481430,32.532856,32.250000,32.371429,28.166416,104080900
2010-03-15,32.197144,32.214287,31.464285,31.977142,27.823341,123375700
2010-03-16,32.025715,32.139999,31.787144,32.064285,27.899164,111727000
2010-03-17,32.128571,32.349998,31.895714,32.017143,27.858152,112739200
2010-03-18,32.014286,32.142857,31.801428,32.092857,27.924025,85527400
2010-03-19,32.112858,32.177143,31.604286,31.750000,27.625702,139861400
2010-03-22,31.495714,32.285713,31.450001,32.107143,27.936453,114104900
2010-03-23,32.234287,32.682858,32.014286,32.622856,28.385180,150607800
2010-03-24,32.520000,32.885715,32.501427,32.767143,28.510721,149445100
2010-03-25,32.988571,32.995716,32.321430,32.378571,28.172625,135571100
2010-03-26,32.707142,33.135715,32.650002,32.985714,28.700901,160218800
2010-03-29,33.285713,33.410000,33.088570,33.198570,28.886105,135186100
2010-03-30,33.799999,33.925713,33.464287,33.692856,29.316187,131827500
2010-03-31,33.641430,33.801430,33.494286,33.571430,29.210531,107664900
2010-04-01,33.915714,34.104286,33.250000,33.709999,29.331104,150786300
2010-04-05,33.568573,34.072857,33.538570,34.070000,29.644335,171126900
2010-04-06,34.028572,34.320000,33.857143,34.220001,29.774851,111754300
2010-04-07,34.221428,34.560001,34.094284,34.371429,29.906610,157125500
2010-04-08,34.348572,34.505714,34.005714,34.278572,29.825817,143247300
2010-04-09,34.490002,34.555714,34.351429,34.541428,30.054525,83545700
2010-04-12,34.599998,34.724285,34.544285,34.612858,30.116676,83256600
2010-04-13,34.551430,34.685715,34.444286,34.632858,30.134081,76552700
2010-04-14,35.040001,35.115715,34.867142,35.098572,30.539297,101019100
2010-04-15,35.111427,35.575714,35.072857,35.560001,30.940788,94196200
2010-04-16,35.509998,35.877144,34.935715,35.342857,30.751852,187636400
2010-04-19,35.290001,35.412857,34.538570,35.295715,30.710836,141731100
2010-04-20,35.505714,35.607143,34.708572,34.941429,30.402567,184581600
2010-04-21,36.971428,37.178570,36.532856,37.031429,32.221073,245597800
2010-04-22,36.891430,38.107143,36.599998,38.067142,33.122250,198356200
2010-04-23,38.284286,38.882858,38.142857,38.689999,33.664204,199238900
2010-04-26,38.840000,38.922855,38.312859,38.500000,33.498894,119767200
2010-04-27,38.181427,38.262856,37.217144,37.434284,32.571598,177335900
2010-04-28,37.607143,37.714287,36.630001,37.371429,32.516914,189600600
2010-04-29,37.574287,38.571430,37.430000,38.377144,33.391987,139710200
2010-04-30,38.472858,38.652859,37.285713,37.298573,32.453526,135615900
2010-05-03,37.691429,38.268570,37.554287,38.049999,33.107342,113585500
2010-05-04,37.555714,37.612858,36.678570,36.954285,32.153954,180954900
2010-05-05,36.147144,36.877144,35.532856,36.570000,31.819595,220775800
2010-05-06,36.261429,36.892857,28.464285,35.178570,30.608904,321465200
2010-05-07,34.815716,35.224285,32.172855,33.694286,29.317430,419004600
2010-05-10,35.750000,36.378571,35.504284,36.284286,31.570990,246076600
2010-05-11,35.977142,37.127144,35.785713,36.645714,31.885468,212226700
2010-05-12,37.034286,37.590000,36.957142,37.441429,32.577824,163594900
2010-05-13,37.602856,37.857143,36.628571,36.908573,32.114182,149928100
2010-05-14,36.451427,36.639999,35.642857,36.259998,31.549864,189840700
2010-05-17,36.385715,36.597141,35.387142,36.317142,31.599586,190708700
2010-05-18,36.711430,36.935715,35.751427,36.051430,31.368372,195669600
2010-05-19,35.642857,36.131428,34.978573,35.477142,30.868698,256431700
2010-05-20,34.554287,34.835712,33.744286,33.965714,29.553608,320728800
2010-05-21,33.259998,34.928570,33.049999,34.617142,30.120405,305972800
2010-05-24,35.325714,35.842857,35.180000,35.251427,30.672298,188559700
2010-05-25,34.192856,35.251427,33.880001,35.031429,30.480888,262001600
2010-05-26,35.725716,36.018570,34.821430,34.872856,30.342911,212663500
2010-05-27,35.799999,36.270000,35.587143,36.192856,31.491440,166570600
2010-05-28,37.055714,37.057144,36.192856,36.697144,31.930222,203903700
2010-06-01,37.098572,37.991428,36.994286,37.261429,32.421204,219118200
2010-06-02,37.791428,37.828571,37.189999,37.707142,32.809021,172137000
2010-06-03,37.882858,37.935715,37.201427,37.588570,32.705853,162526700
2010-06-04,36.887142,37.414288,36.375713,36.565716,31.815859,189576100
2010-06-07,36.898571,37.021427,35.792858,35.848572,31.191874,221735500
2010-06-08,36.177143,36.257141,35.092857,35.618572,30.991751,250192600
2010-06-09,35.924286,35.985714,34.641430,34.742859,30.229792,213657500
2010-06-10,34.977142,35.854286,34.599998,35.787144,31.138432,194089000
2010-06-11,35.461430,36.265713,35.338570,36.215714,31.511324,136439800
2010-06-14,36.565716,37.021427,36.287144,36.325714,31.607044,150740100
2010-06-15,36.520000,37.121429,36.500000,37.098572,32.279499,146268500
2010-06-16,37.299999,38.250000,37.232857,38.178570,33.219208,195919500
2010-06-17,38.657143,38.985714,38.500000,38.838570,33.793480,218213800
2010-06-18,38.892857,39.285713,38.774284,39.152859,34.066933,196155400
2010-06-21,39.669998,39.858570,38.389999,38.595715,33.582172,194122600
2010-06-22,38.880001,39.424286,38.785713,39.121429,34.039593,179315500
2010-06-23,39.225716,39.237144,38.271427,38.709999,33.681599,192114300
2010-06-24,38.714287,39.028572,38.299999,38.428570,33.436733,178569300
2010-06-25,38.580002,38.610001,37.972858,38.099998,33.150845,137485600
2010-06-28,38.132858,38.535713,37.788570,38.328571,33.349731,146237000
2010-06-29,37.731430,37.770000,36.328571,36.595715,31.841967,283336200
2010-06-30,36.672855,36.852856,35.715714,35.932858,31.265219,184863000
2010-07-01,36.328571,36.400002,34.745716,35.497143,30.886101,255724000
2010-07-02,35.784286,35.847141,34.742859,35.277142,30.694679,173460700
2010-07-06,35.857143,36.114285,35.165714,35.518570,30.904749,153808900
2010-07-07,35.784286,36.967144,35.678570,36.952858,32.152706,163639000
2010-07-08,37.497143,37.557144,36.412857,36.869999,32.080620,184536100
2010-07-09,36.698570,37.128571,36.451427,37.088570,32.270809,108330600
2010-07-12,36.932858,37.407143,36.408573,36.755714,31.981180,140719600
2010-07-13,36.617142,36.628571,35.204285,35.971428,31.298767,297731000
2010-07-14,35.625713,36.542858,35.571430,36.104286,31.414385,203011900
2010-07-15,35.461430,36.709999,35.328571,35.921429,31.255260,206216500
2010-07-16,36.168571,36.424286,35.487144,35.700001,31.062613,259964600
2010-07-19,35.697144,35.697144,34.228573,35.082859,30.525633,256119500
2010-07-20,34.700001,36.128571,34.287144,35.984287,31.309961,268737700
2010-07-21,37.869999,37.878571,36.285713,36.320000,31.602060,296417800
2010-07-22,36.811428,37.142857,36.472858,37.002857,32.196228,161329700
2010-07-23,36.727142,37.197144,36.611427,37.134285,32.310577,133347200
2010-07-26,37.142857,37.157143,36.815716,37.040001,32.228546,105137900
2010-07-27,37.267143,37.828571,37.185715,37.725716,32.825172,146192900
2010-07-28,37.667141,37.998573,37.178570,37.279999,32.437355,129996300
2010-07-29,37.244286,37.521427,36.585712,36.872856,32.083111,160951700
2010-07-30,36.555714,37.099998,36.414288,36.750000,31.976212,112052500
2010-08-02,37.205715,37.512856,37.088570,37.407143,32.547985,107013900
2010-08-03,37.287144,37.608570,37.060001,37.418571,32.557930,104413400
2010-08-04,37.548573,37.754284,37.187141,37.568573,32.688450,105093800
2010-08-05,37.389999,37.597141,37.221428,37.385715,32.529343,72274300
2010-08-06,37.111427,37.355713,36.804287,37.155716,32.329220,111224400
2010-08-09,37.354286,37.450001,37.081429,37.392857,32.535557,75782000
2010-08-10,37.121429,37.207142,36.792858,37.058571,32.244701,112980000
2010-08-11,36.485714,36.527142,35.687141,35.741428,31.098642,155013600
2010-08-12,35.241428,36.157143,35.160000,35.970001,31.297525,133730100
2010-08-13,35.950001,35.982857,35.584286,35.585712,30.963161,88717300
2010-08-16,35.368572,35.715714,35.231430,35.377144,30.781685,79607500
2010-08-17,35.725716,36.375713,35.599998,35.995716,31.319908,105660100
2010-08-18,36.051430,36.381428,35.939999,36.152859,31.456638,84924000
2010-08-19,36.119999,36.211430,35.525715,35.697144,31.060125,106676500
2010-08-20,35.627144,36.274284,35.571430,35.662857,31.030287,96057500
2010-08-23,35.970001,36.000000,35.035713,35.114285,30.552973,103510400
2010-08-24,34.667141,34.714287,34.092857,34.275715,29.823332,150641400
2010-08-25,34.005714,34.855713,33.885715,34.698570,30.191265,149216900
2010-08-26,35.064285,35.107143,34.325714,34.325714,29.866835,116626300
2010-08-27,34.535713,34.658573,33.651428,34.517143,30.033403,137097800
2010-08-30,34.394287,35.107143,34.382858,34.642857,30.142784,95822300
2010-08-31,34.549999,34.937141,34.335712,34.728573,30.217363,105196700
2010-09-01,35.352856,35.922855,35.182858,35.761429,31.116056,174259400
2010-09-02,35.894287,36.024284,35.509998,36.024284,31.344759,103856900
2010-09-03,36.441429,36.968571,36.357143,36.967144,32.165142,130197200
2010-09-07,36.662857,37.075714,36.607143,36.830002,32.045818,85639400
2010-09-08,37.111427,37.770000,37.014286,37.560001,32.680996,131637800
2010-09-09,37.862858,38.074287,37.560001,37.581429,32.699635,109643800
2010-09-10,37.598572,37.785713,37.342857,37.630001,32.741898,96885600
2010-09-13,37.974285,38.325714,37.965714,38.148571,33.193104,97195000
2010-09-14,38.029999,38.452858,37.931427,38.294285,33.319885,102037600
2010-09-15,38.310001,38.625713,38.262856,38.602856,33.588387,107342200
2010-09-16,38.605713,39.524284,38.500000,39.509998,34.377686,163025800
2010-09-17,39.669998,39.708572,39.097141,39.338570,34.228531,158619300
2010-09-20,39.439999,40.540001,39.407143,40.461430,35.205528,164669400
2010-09-21,40.551430,41.049999,40.398571,40.538570,35.272652,167018600
2010-09-22,40.387142,41.139999,40.344284,41.107143,35.767361,146322400
2010-09-23,40.904285,41.822857,40.857143,41.274284,35.912792,196529200
2010-09-24,41.728573,41.932858,41.507141,41.759998,36.335419,162372000
2010-09-27,41.997143,42.104286,41.572857,41.594284,36.191235,120708700
2010-09-28,41.681427,41.681427,39.285713,40.980000,35.656727,258760600
2010-09-29,41.032856,41.401428,40.857143,41.052856,35.720135,117411000
2010-09-30,41.285713,41.428570,40.178570,40.535713,35.270157,168347900
2010-10-01,40.878571,40.939999,40.192856,40.360001,35.117275,112035700
2010-10-04,40.228573,40.414288,39.681427,39.805714,34.634979,108825500
2010-10-05,40.285713,41.349998,40.259998,41.277142,35.915283,125491800
2010-10-06,41.369999,41.712856,40.751427,41.312859,35.946354,167717200
2010-10-07,41.477142,41.497143,40.987144,41.317142,35.950085,102099900
2010-10-08,41.672855,42.071430,41.428570,42.009998,36.552937,164600800
2010-10-11,42.105713,42.462856,42.085712,42.194286,36.713284,106938300
2010-10-12,42.201427,42.785713,41.784286,42.648571,37.108562,139636000
2010-10-13,42.885715,43.137142,42.828571,42.877144,37.307442,157523100
2010-10-14,43.098572,43.209999,42.914288,43.187141,37.577168,108824100
2010-10-15,43.919998,45.000000,43.558571,44.962856,39.122219,230548500
2010-10-18,45.495716,45.571430,44.898571,45.428570,39.527447,273252700
2010-10-19,43.342857,44.824287,42.860001,44.212856,38.469643,308196000
2010-10-20,44.142857,44.892857,43.838570,44.361427,38.598927,180406100
2010-10-21,44.622856,44.962856,43.828571,44.217144,38.473381,137865000
2010-10-22,44.152859,44.291428,43.757141,43.924286,38.218559,93194500
2010-10-25,44.155716,44.514286,44.062859,44.119999,38.388851,98115500
2010-10-26,43.838570,44.248573,43.664288,44.007141,38.290646,98232400
2010-10-27,43.950001,44.271427,43.657143,43.975716,38.263306,99750700
2010-10-28,43.992859,44.000000,42.985714,43.605713,37.941372,137762800
2010-10-29,43.461430,43.697144,42.981430,42.997143,37.411850,107627800
2010-11-01,43.174286,43.657143,43.171429,43.454285,37.809616,105972300
2010-11-02,43.857143,44.312859,43.857143,44.194286,38.453491,108482500
2010-11-03,44.481430,44.697144,44.075714,44.685715,38.881081,127087100
2010-11-04,45.064285,45.740002,45.004284,45.467144,39.561005,160622000
2010-11-05,45.427143,45.652859,45.250000,45.304287,39.419304,90313300
2010-11-08,45.314285,45.681427,45.251427,45.517143,39.604511,70439600
2010-11-09,45.864285,45.900002,44.928570,45.154285,39.288788,95886000
2010-11-10,45.234287,45.538570,44.792858,45.432858,39.531162,96056800
2010-11-11,45.000000,45.485714,44.892857,45.235714,39.359642,90321000
2010-11-12,45.142857,45.214287,43.375713,44.004284,38.288162,198961700
2010-11-15,44.065716,44.362858,43.752857,43.862858,38.165115,100901500
2010-11-16,43.674286,43.942856,42.759998,43.084286,37.487686,164412500
2010-11-17,43.028572,43.427143,42.537144,42.928570,37.352177,119862400
2010-11-18,43.599998,44.238571,43.527142,44.061428,38.337891,123622800
2010-11-19,43.995716,44.057144,43.605713,43.818573,38.126579,96210800
2010-11-22,43.811428,44.765713,43.695713,44.765713,38.950684,98268800
2010-11-23,44.349998,44.535713,43.794285,44.104286,38.375179,129861900
2010-11-24,44.571430,45.057144,44.535713,44.971428,39.129677,103431300
2010-11-26,44.820000,45.385715,44.705715,45.000000,39.154537,59396400
2010-11-29,45.071430,45.354286,44.482857,45.267143,39.386993,111446300
2010-11-30,44.791428,44.908573,44.410000,44.450001,38.675980,125464500
2010-12-01,45.038570,45.392857,45.000000,45.200001,39.328560,115437700
2010-12-02,45.361427,45.571430,44.984287,45.450001,39.546074,115709300
2010-12-03,45.287144,45.521427,45.191429,45.348572,39.457840,85523200
2010-12-06,45.520000,46.047142,45.488571,45.735714,39.794693,112120400
2010-12-07,46.257141,46.284286,45.445713,45.458572,39.553551,97863500
2010-12-08,45.661430,45.860001,45.301430,45.858570,39.901577,80483900
2010-12-09,46.018570,46.071430,45.574287,45.680000,39.746212,73537800
2010-12-10,45.664288,45.864285,45.514286,45.794285,39.845646,65627800
2010-12-13,46.338570,46.437141,45.857143,45.952858,39.983627,109953900
2010-12-14,45.961430,46.077145,45.571430,45.755714,39.812092,87752000
2010-12-15,45.714287,46.142857,45.598572,45.765713,39.820793,104328000
2010-12-16,45.869999,46.087143,45.728573,45.892857,39.931416,80507700
2010-12-17,45.947144,45.970001,45.747143,45.801430,39.851860,96732300
2010-12-20,45.942856,46.178570,45.461430,46.029999,40.050739,96402600
2010-12-21,46.142857,46.341427,46.007141,46.314285,40.298103,64088500
2010-12-22,46.337143,46.531429,46.221428,46.451427,40.417431,66480400
2010-12-23,46.428570,46.450001,46.167141,46.228573,40.223522,55789300
2010-12-27,46.121429,46.491428,45.931427,46.382858,40.357777,62454000
2010-12-28,46.558571,46.665714,46.437141,46.495716,40.455963,43981000
2010-12-29,46.602856,46.635715,46.442856,46.470001,40.433601,40784800
2010-12-30,46.497143,46.501427,46.150002,46.237144,40.230980,39373600
2010-12-31,46.135715,46.211430,45.901428,46.080002,40.094254,48377000
2011-01-03,46.520000,47.180000,46.405716,47.081429,40.965591,111284600
2011-01-04,47.491428,47.500000,46.878571,47.327145,41.179398,77270200
2011-01-05,47.078571,47.762856,47.071430,47.714287,41.516247,63879900
2011-01-06,47.817142,47.892857,47.557144,47.675713,41.482681,75107200
2011-01-07,47.712856,48.049999,47.414288,48.017143,41.779762,77982800
2011-01-10,48.404285,49.032856,48.167141,48.921429,42.566589,112140000
2011-01-11,49.268570,49.279999,48.495716,48.805714,42.465897,111027000
2011-01-12,49.035713,49.204285,48.857143,49.202858,42.811447,75647600
2011-01-13,49.308571,49.520000,49.121429,49.382858,42.968067,74195100
2011-01-14,49.412857,49.782856,49.205715,49.782856,43.316113,77210000
2011-01-18,47.074287,49.251427,46.571430,48.664288,42.342842,470249500
2011-01-19,49.764286,49.799999,48.125713,48.405716,42.117863,283903200
2011-01-20,48.061428,48.328571,47.160000,47.525715,41.352161,191197300
2011-01-21,47.681427,47.840000,46.661430,46.674286,40.611340,188600300
2011-01-24,46.695713,48.207142,46.674286,48.207142,41.945080,143670800
2011-01-25,48.047142,48.777142,47.795715,48.771427,42.436069,136717000
2011-01-26,48.994286,49.371429,48.785713,49.121429,42.740601,126718900
2011-01-27,49.111427,49.241428,48.975716,49.029999,42.661045,71256500
2011-01-28,49.167141,49.200001,47.647144,48.014286,41.777287,148014300
2011-01-31,47.971428,48.577145,47.757141,48.474285,42.177521,94311700
2011-02-01,48.757141,49.378571,48.711430,49.290001,42.887268,106658300
2011-02-02,49.207142,49.321430,49.078571,49.188572,42.799030,64738800
2011-02-03,49.114285,49.177143,48.364285,49.062859,42.689640,98449400
2011-02-04,49.091427,49.528572,49.072857,49.500000,43.069996,80460100
2011-02-07,49.698570,50.464287,49.662857,50.268570,43.738720,121255400
2011-02-08,50.525715,50.788570,50.307144,50.742859,44.151405,95260200
2011-02-09,50.741428,51.285713,50.695713,51.165714,44.519337,120686300
2011-02-10,51.055714,51.428570,49.714287,50.648571,44.069370,232137500
2011-02-11,50.678570,51.114285,50.505714,50.978573,44.356499,91893200
2011-02-14,50.970001,51.354286,50.958572,51.311428,44.646111,77604100
2011-02-15,51.312859,51.424286,51.078571,51.414288,44.735626,71043700
2011-02-16,51.542858,52.128571,51.500000,51.875713,45.137112,120289400
2011-02-17,51.035713,51.467144,50.931427,51.185715,44.536732,132645800
2011-02-18,51.244286,51.357143,49.931427,50.080002,43.574650,204014300
2011-02-22,48.878571,49.342857,48.245716,48.372856,42.089272,218138900
2011-02-23,48.395714,49.234287,48.372856,48.945713,42.587719,167963600
2011-02-24,49.145714,49.307144,48.338570,48.982857,42.620026,124975200
2011-02-25,49.322857,49.775715,49.257141,49.737144,43.276337,95004700
2011-02-28,50.177143,50.721428,50.160000,50.458572,43.904057,100768500
2011-03-01,50.781429,50.817142,49.668571,49.901428,43.419285,114034200
2011-03-02,49.994286,50.621429,49.771427,50.302856,43.768559,150647700
2011-03-03,51.027142,51.398571,50.845715,51.365715,44.693352,125197100
2011-03-04,51.438572,51.470001,51.107143,51.428570,44.748058,113316700
2011-03-07,51.628571,51.667141,50.187141,50.765713,44.171288,136530800
2011-03-08,50.701427,51.057144,50.321430,50.822857,44.221016,89079200
2011-03-09,50.669998,50.680000,50.085712,50.352856,43.812065,113326500
2011-03-10,49.874287,49.967144,49.271427,49.524284,43.091129,126884800
2011-03-11,49.332859,50.331429,49.285713,50.284286,43.752407,117770100
2011-03-14,50.454285,50.925713,50.187141,50.508572,43.947556,108989300
2011-03-15,48.871429,49.691429,48.585712,49.347141,42.936985,180270300
2011-03-16,48.857143,49.000000,46.608570,47.144287,41.020283,290502800
2011-03-17,48.118572,48.515713,47.237144,47.805714,41.595791,164855600
2011-03-18,48.161430,48.314285,47.142857,47.238571,41.102318,188303500
2011-03-21,47.998573,48.534286,47.894287,48.471428,42.175034,102350500
2011-03-22,48.937141,48.945713,48.448570,48.742859,42.411205,81480700
2011-03-23,48.468571,48.602856,47.992859,48.455715,42.161366,93249100
2011-03-24,48.835712,49.428570,48.408573,49.281429,42.879826,101178000
2011-03-25,49.724285,50.294285,49.574287,50.220001,43.696476,112227500
2011-03-28,50.450001,50.617142,50.062859,50.062859,43.559727,77338800
2011-03-29,49.665714,50.137142,49.437141,50.137142,43.624382,88225200
2011-03-30,50.091427,50.125713,49.634285,49.804287,43.334759,82351500
2011-03-31,49.480000,49.971428,49.437141,49.787144,43.319843,68504800
2011-04-01,50.158573,50.227142,49.042858,49.222858,42.828865,104665400
2011-04-04,49.187141,49.228573,48.342857,48.741428,42.409958,115021200
2011-04-05,48.141430,48.892857,48.000000,48.412857,42.124069,120682800
2011-04-06,48.745716,49.128571,48.162857,48.291428,42.018421,100634800
2011-04-07,48.299999,48.632858,48.004284,48.297142,42.023384,93361800
2011-04-08,48.560001,48.592857,47.707142,47.865715,41.648006,94383800
2011-04-11,47.722858,47.952858,47.145714,47.257141,41.118477,99736700
2011-04-12,47.212856,47.675713,47.171429,47.485714,41.317368,106409800
2011-04-13,47.860001,48.020000,47.502857,48.018570,41.781010,86555000
2011-04-14,47.828571,48.000000,47.437141,47.488571,41.319851,75450200
2011-04-15,47.614285,47.662857,46.685715,46.779999,40.703331,113401400
2011-04-18,46.585712,47.461430,45.737144,47.407143,41.248997,152474700
2011-04-19,47.585712,48.282856,47.387142,48.265713,41.996033,104844600
2011-04-20,49.072857,49.392857,48.785713,48.915714,42.561615,175166600
2011-04-21,50.714287,50.732857,49.788570,50.099998,43.592056,188452600
2011-04-25,50.048573,50.535713,50.042858,50.430000,43.879192,66636500
2011-04-26,50.517143,50.712856,49.907143,50.060001,43.557247,84700000
2011-04-27,50.320000,50.335712,49.585712,50.021427,43.523693,89053300
2011-04-28,49.455715,49.964287,49.360001,49.535713,43.101067,90239800
2011-04-29,49.540001,50.564285,49.524284,50.018570,43.521210,251586300
2011-05-02,49.962856,50.067142,49.357143,49.468571,43.042664,110678400
2011-05-03,49.712856,49.984287,49.374287,49.742859,43.281315,78337000
2011-05-04,49.751427,50.261429,49.554287,49.938572,43.451599,97312600
2011-05-05,49.771427,50.135715,49.435715,49.535713,43.101067,83992300
2011-05-06,49.955715,50.000000,49.458572,49.522858,43.089890,70033600
2011-05-09,49.694286,49.885715,49.504284,49.657143,43.206730,51186800
2011-05-10,49.841427,49.955715,49.522858,49.921429,43.436684,70522900
2011-05-11,49.860001,50.000000,49.320000,49.604286,43.160736,84000000
2011-05-12,49.445713,49.588570,48.895714,49.509998,43.078701,80500000
2011-05-13,49.380001,49.464287,48.621429,48.642857,42.324192,81529000
2011-05-16,48.457142,48.745716,47.514286,47.614285,41.429234,112443800
2011-05-17,47.428570,48.020000,47.247143,48.020000,41.782238,113083600
2011-05-18,48.067142,48.721428,48.000000,48.552856,42.245892,83694100
2011-05-19,48.868572,48.915714,48.381428,48.647144,42.327923,65292500
2011-05-20,48.508572,48.707142,47.860001,47.888573,41.667889,84492100
2011-05-23,47.138573,47.997143,47.060001,47.771427,41.565960,95900000
2011-05-24,47.928570,47.985714,47.334286,47.455715,41.291264,80481800
2011-05-25,47.632858,48.365715,47.549999,48.111427,41.861794,73556000
2011-05-26,47.995716,48.127144,47.775715,47.857143,41.640541,55640200
2011-05-27,47.828571,48.232857,47.758572,48.201427,41.940102,50899800
2011-05-31,48.728573,49.689999,48.714287,49.689999,43.235306,104438600
2011-06-01,49.838570,50.304287,49.235714,49.358570,42.946945,138670700
2011-06-02,49.500000,49.711430,49.185715,49.442856,43.020264,84695800
2011-06-03,49.025715,49.332859,48.858570,49.062859,42.689640,78312500
2011-06-06,49.385715,49.578571,48.258572,48.291428,42.018421,115485300
2011-06-07,48.310001,48.317142,47.414288,47.434284,41.272610,132446300
2011-06-08,47.397144,47.828571,47.235714,47.462856,41.297478,83430900
2011-06-09,47.607143,47.667141,47.250000,47.355713,41.204254,68772200
2011-06-10,47.221428,47.380001,46.501427,46.557144,40.509418,108488800
2011-06-13,46.742859,46.901428,46.438572,46.657143,40.596420,82368300
2011-06-14,47.142857,47.607143,47.044285,47.491428,41.322334,83642300
2011-06-15,47.107143,47.185715,46.411430,46.678570,40.615063,99799000
2011-06-16,46.700001,46.954285,45.475716,46.451427,40.417431,127647800
2011-06-17,46.998573,47.035713,45.622856,45.751427,39.808365,153755000
2011-06-20,45.337143,45.385715,44.357143,45.045715,39.194321,160161400
2011-06-21,45.240002,46.542858,45.028572,46.471428,40.434834,123345600
2011-06-22,46.451427,46.985714,46.054287,46.087143,40.100464,97645800
2011-06-23,45.562859,47.384285,45.445713,47.318573,41.171936,139939800
2011-06-24,47.338570,47.592857,46.441429,46.621429,40.565350,109951800
2011-06-27,46.798573,47.700001,46.750000,47.434284,41.272610,84953400
2011-06-28,47.664288,48.099998,47.634285,47.894287,41.672867,73574900
2011-06-29,48.005714,48.052856,47.411430,47.720001,41.521217,88136300
2011-06-30,47.814285,48.018570,47.548573,47.952858,41.723824,80738700
2011-07-01,47.992859,49.071430,47.742859,49.037144,42.667267,108828300
2011-07-05,49.000000,49.975716,48.928570,49.918571,43.434196,88763500
2011-07-06,49.849998,50.585712,49.529999,50.251427,43.723812,111156500
2011-07-07,50.667141,51.142857,50.571430,51.028572,44.400017,99915900
2011-07-08,50.477142,51.428570,50.314285,51.387142,44.711998,122408300
2011-07-11,50.905716,51.395714,50.402859,50.571430,44.002254,110668600
2011-07-12,50.504284,51.097141,49.802856,50.535713,43.971165,112902300
2011-07-13,51.189999,51.428570,50.911430,51.145714,44.501926,97909700
2011-07-14,51.572857,51.658573,50.905716,51.110001,44.470867,107633400
2011-07-15,51.595715,52.142857,51.310001,52.131428,45.359615,121116800
2011-07-18,52.204285,53.521427,52.182858,53.400002,46.463387,143163300
2011-07-19,54.000000,54.092857,53.331429,53.835712,46.842503,204786400
2011-07-20,56.588570,56.610001,55.142857,55.271427,48.091732,235335100
2011-07-21,55.278572,55.722858,54.842857,55.327145,48.140202,131633600
2011-07-22,55.474285,56.435715,55.392857,56.185715,48.887249,129182200
2011-07-25,55.764286,57.142857,55.660000,56.928570,49.533596,147451500
2011-07-26,57.142857,57.785713,57.097141,57.630001,50.143917,119145600
2011-07-27,57.227142,57.520000,56.021427,56.084286,48.798988,164831100
2011-07-28,55.945713,56.712856,55.447144,55.974285,48.703278,148508500
2011-07-29,55.377144,56.450001,54.857143,55.782856,48.536709,158146100
2011-08-01,56.825714,57.071430,56.052856,56.678570,49.316074,153209000
2011-08-02,56.807144,56.842857,55.478573,55.558571,48.341572,159884900
2011-08-03,55.854286,56.221428,54.605713,56.081429,48.796501,183127000
2011-08-04,55.630001,55.902859,53.907143,53.910000,46.907146,217851900
2011-08-05,54.348572,54.785713,51.795715,53.374287,46.441017,301147700
2011-08-08,51.669998,52.538570,50.431427,50.458572,43.904057,285958400
2011-08-09,51.614285,53.515713,50.714287,53.430000,46.489487,270645900
2011-08-10,53.021427,53.521427,51.785713,51.955715,45.206718,219664200
2011-08-11,52.931427,53.635715,52.102856,53.385715,46.450958,185492300
2011-08-12,54.009998,54.234287,53.461430,53.855713,46.859905,132244000
2011-08-15,54.232857,54.995716,54.012856,54.772858,47.657909,115136000
2011-08-16,54.502857,54.767143,53.722858,54.354286,47.293720,124687500
2011-08-17,54.615715,54.931427,54.000000,54.348572,47.288746,110515300
2011-08-18,52.977142,53.235714,51.624287,52.292858,45.500076,212858800
2011-08-19,51.738571,52.428570,50.857143,50.861427,44.254585,193972100
2011-08-22,52.072857,52.125713,50.727142,50.919998,44.305542,133828800
2011-08-23,51.471428,53.377144,51.000000,53.371429,46.438530,164208800
2011-08-24,53.352856,54.137142,52.942856,53.740002,46.759220,156566900
2011-08-25,52.154285,53.635715,52.142857,53.388573,46.453445,217836500
2011-08-26,53.024284,54.828571,52.971428,54.797142,47.679043,160369300
2011-08-29,55.454285,55.928570,55.428570,55.709999,48.473324,101317300
2011-08-30,55.464287,55.977142,55.172855,55.712856,48.475811,104480600
2011-08-31,55.795715,56.011429,54.551430,54.975716,47.834419,130646600
2011-09-01,55.117142,55.334286,54.388573,54.432858,47.362076,85931300
2011-09-02,53.534286,54.000000,53.118572,53.435715,46.494469,109734800
2011-09-06,52.481430,54.332859,52.354286,54.248573,47.201733,127424500
2011-09-07,55.080002,55.085712,54.571430,54.847141,47.722546,87644200
2011-09-08,54.628571,55.515713,54.615715,54.877144,47.748665,104039600
2011-09-09,54.847141,55.142857,53.574287,53.925713,46.920807,141203300
2011-09-12,53.285713,54.411430,53.128571,54.277142,47.226597,116958100
2011-09-13,54.591427,55.172855,54.321430,54.945713,47.808315,110140100
2011-09-14,55.288570,56.029999,55.108570,55.614285,48.390045,133681100
2011-09-15,55.918571,56.237144,55.700001,56.137142,48.844986,104454700
2011-09-16,56.505714,57.214287,56.432858,57.214287,49.782204,174628300
2011-09-19,56.714287,59.032856,56.457142,58.804287,51.165661,205965200
2011-09-20,59.321430,60.408573,58.741428,59.064285,51.391888,193938500
2011-09-21,59.948570,60.227142,58.857143,58.877144,51.229061,151494000
2011-09-22,57.290001,58.545715,56.671429,57.402859,49.946285,242120200
2011-09-23,57.182858,58.105713,57.121429,57.757141,50.254547,136569300
2011-09-26,57.122856,57.711430,55.900002,57.595715,50.114086,203219100
2011-09-27,58.389999,58.464287,56.865715,57.037144,49.628071,158124400
2011-09-28,57.169998,57.677143,56.644287,56.715714,49.348396,107409400
2011-09-29,57.417141,57.458572,55.172855,55.795715,48.547901,162771700
2011-09-30,55.302856,55.555714,54.454285,54.474285,47.398132,136910200
2011-10-03,54.338570,54.662857,53.310001,53.514286,46.562832,167274800
2011-10-04,53.509998,54.542858,50.605713,53.214287,46.301800,308419300
2011-10-05,52.551430,54.259998,51.471428,54.035713,47.016529,196617400
2011-10-06,53.332859,54.968571,53.114285,53.910000,46.907146,203145600
2011-10-07,53.682858,53.962856,52.641430,52.828571,45.966179,133864500
2011-10-10,54.155716,55.544285,54.029999,55.544285,48.329144,110628700
2011-10-11,56.081429,57.597141,55.928570,57.184284,49.756107,151421900
2011-10-12,58.191429,58.464287,57.162857,57.455715,49.992271,155571500
2011-10-13,57.854286,58.347141,57.549999,58.347141,50.767899,106546300
2011-10-14,59.547142,60.285713,59.324287,60.285713,52.454659,143341800
2011-10-17,60.248573,60.957142,59.419998,59.998573,52.204826,171511200
2011-10-18,60.251427,60.687141,59.427143,60.320000,52.484486,220400600
2011-10-19,57.335712,58.345715,56.828571,56.945713,49.548523,276014900
2011-10-20,57.142857,57.192856,56.315716,56.472858,49.137074,137317600
2011-10-21,56.871429,57.020000,55.821430,56.124287,48.833797,155311100
2011-10-24,56.597141,58.071430,56.485714,57.967144,50.437267,125534500
2011-10-25,57.861427,58.078571,56.768570,56.824287,49.442863,107606800
2011-10-26,57.394287,57.507141,56.164288,57.228573,49.794636,114076200
2011-10-27,58.222858,58.428570,57.412857,57.812859,50.303020,123666200
2011-10-28,57.571430,58.049999,57.501427,57.849998,50.335346,80710700
2011-10-31,57.488571,58.475716,57.292858,57.825714,50.314209,96375300
2011-11-01,56.772858,57.071430,56.174286,56.644287,49.286236,132947500
2011-11-02,57.155716,57.205715,56.444286,56.772858,49.398117,81837700
2011-11-03,57.009998,57.628571,56.480000,57.581429,50.101658,110346600
2011-11-04,57.432858,57.634285,57.022858,57.177143,49.749886,75557300
2011-11-07,57.130001,57.142857,56.590000,57.104286,49.686493,67568900
2011-11-08,57.458572,58.285713,57.365715,58.032856,50.494438,100110500
2011-11-09,56.709999,57.270000,56.318573,56.468571,49.133354,139671000
2011-11-10,56.718571,56.744286,54.592857,55.031429,47.882896,186188100
2011-11-11,55.230000,55.528572,54.322857,54.945713,47.808315,163446500
2011-11-14,54.788570,55.035713,54.028572,54.180000,47.142071,108226300
2011-11-15,54.400002,55.642857,54.207142,55.547142,48.331619,107702700
2011-11-16,55.607143,55.877144,54.902859,54.967144,47.826946,87302600
2011-11-17,54.854286,54.939999,53.642857,53.915714,46.912113,119975100
2011-11-18,54.131428,54.284286,53.554287,53.562859,46.605091,92984500
2011-11-21,52.914288,53.097141,52.272858,52.715714,45.867996,111995100
2011-11-22,53.002857,53.990002,52.991428,53.787144,46.800247,102255300
2011-11-23,53.501427,53.691429,52.411430,52.427143,45.616905,107067800
2011-11-25,52.631428,53.021427,51.902859,51.938572,45.191799,63690200
2011-11-28,53.192856,53.817142,52.904285,53.731430,46.751770,86603300
2011-11-29,53.691429,54.118572,52.885715,53.314285,46.388817,93963800
2011-11-30,54.470001,54.611427,54.042858,54.599998,47.507519,101484600
2011-12-01,54.648571,55.571430,54.392857,55.418571,48.219746,96795300
2011-12-02,55.689999,56.232857,55.511429,55.671429,48.439774,94763900
2011-12-05,56.212856,56.630001,55.770000,56.144287,48.851185,89302500
2011-12-06,56.072857,56.375713,55.625713,55.849998,48.595142,70899500
2011-12-07,55.704285,55.848572,55.251427,55.584286,48.363937,76186600
2011-12-08,55.921429,56.500000,55.747143,55.808571,48.559093,94089100
2011-12-09,56.121429,56.291428,55.861427,56.231430,48.927029,74248300
2011-12-12,55.954285,56.271427,55.635715,55.977142,48.705765,75266800
2011-12-13,56.142857,56.485714,55.299999,55.544285,48.329144,84732200
2011-12-14,55.242859,55.340000,53.954285,54.312859,47.257664,101721900
2011-12-15,54.761429,54.820000,54.044285,54.134285,47.102306,64050000
2011-12-16,54.337143,54.878571,54.224285,54.431427,47.360840,105369600
2011-12-19,54.638573,54.978573,54.354286,54.601429,47.508759,58882600
2011-12-20,55.394287,56.585712,55.322857,56.564285,49.216629,84303800
2011-12-21,56.669998,56.757141,56.001427,56.635715,49.278793,65737000
2011-12-22,56.714287,57.018570,56.585712,56.935715,49.539814,50589700
2011-12-23,57.098572,57.655716,57.070000,57.618572,50.133961,67349800
2011-12-27,57.585712,58.441429,57.574287,58.075714,50.531731,66269000
2011-12-28,58.127144,58.321430,57.334286,57.520000,50.048210,57165500
2011-12-29,57.628571,57.950001,57.215714,57.874287,50.356480,53994500
2011-12-30,57.644287,58.040001,57.641430,57.857143,50.341557,44915500
2012-01-03,58.485714,58.928570,58.428570,58.747143,51.115936,75555200
2012-01-04,58.571430,59.240002,58.468571,59.062859,51.390648,65005500
2012-01-05,59.278572,59.792858,58.952858,59.718571,51.961189,67817400
2012-01-06,59.967144,60.392857,59.888573,60.342857,52.504375,79573200
2012-01-09,60.785713,61.107143,60.192856,60.247143,52.421093,98506100
2012-01-10,60.844284,60.857143,60.214287,60.462856,52.608791,64549100
2012-01-11,60.382858,60.407143,59.901428,60.364285,52.523026,53771200
2012-01-12,60.325714,60.414288,59.821430,60.198570,52.378838,53146800
2012-01-13,59.957142,60.064285,59.808571,59.972858,52.182446,56505400
2012-01-17,60.599998,60.855713,60.422855,60.671429,52.790268,60724300
2012-01-18,60.994286,61.352856,60.900002,61.301430,53.338432,69197800
2012-01-19,61.450001,61.624287,60.930000,61.107143,53.169384,65434600
2012-01-20,61.070000,61.071430,59.964287,60.042858,52.243343,103493600
2012-01-23,60.381428,61.207142,60.328571,61.058571,53.127125,76515600
2012-01-24,60.728573,60.728573,59.935715,60.058571,52.257015,136909500
2012-01-25,64.919998,64.921425,63.389999,63.808571,55.519905,239578500
2012-01-26,64.051430,64.112854,63.305714,63.518570,55.267567,80996300
2012-01-27,63.477142,64.068573,63.395714,63.897144,55.596966,74927300
2012-01-30,63.672855,64.842857,63.627144,64.715714,56.309212,94835300
2012-01-31,65.084282,65.462860,64.724289,65.211426,56.740505,97920900
2012-02-01,65.487144,65.570000,65.078575,65.169998,56.704494,67511500
2012-02-02,65.128571,65.309998,64.854286,65.017143,56.571476,46699100
2012-02-03,65.328575,65.714287,65.080002,65.668571,57.138283,71649900
2012-02-06,65.482857,66.425713,65.457146,66.281425,57.671532,62353200
2012-02-07,66.464287,67.107140,66.368568,66.975716,58.275627,79055900
2012-02-08,67.214287,68.112854,67.099998,68.097145,59.251369,101972500
2012-02-09,68.680000,70.964287,68.651428,70.452858,61.301102,221053700
2012-02-10,70.137146,71.088570,69.792854,70.488571,61.332165,157825500
2012-02-13,71.361427,71.975716,71.012856,71.800003,62.473228,129304000
2012-02-14,72.094284,72.794289,71.714287,72.779999,63.325947,115099600
2012-02-15,73.465714,75.184288,70.984283,71.095711,61.860443,376530000
2012-02-16,70.214287,72.127144,69.518570,71.744286,62.424770,236138000
2012-02-17,71.872856,72.538574,71.471428,71.731430,62.413586,133951300
2012-02-21,72.411430,73.550003,72.017143,73.550003,63.995934,151398800
2012-02-22,73.297142,73.641426,72.724289,73.291428,63.770935,120825600
2012-02-23,73.582855,73.975716,72.785713,73.769997,64.187332,142006900
2012-02-24,74.238571,74.699997,74.091431,74.629997,64.935638,103768000
2012-02-27,74.472855,75.500000,73.754288,75.108574,65.352058,136895500
2012-02-28,75.422859,76.487144,75.121429,76.487144,66.551537,150096800
2012-02-29,77.365715,78.230003,76.528572,77.491432,67.425362,238002800
2012-03-01,78.309998,78.315712,76.967140,77.781425,67.677681,170817500
2012-03-02,77.748573,78.114288,77.502853,77.882858,67.765923,107928100
2012-03-05,77.917145,78.211426,75.142860,76.165718,66.271889,202281100
2012-03-06,74.808571,76.241432,73.745712,75.751427,65.911377,202559700
2012-03-07,76.685715,76.825714,74.757141,75.812859,65.964828,199630200
2012-03-08,76.384285,77.570000,76.017143,77.427139,67.369415,129114300
2012-03-09,77.744286,78.248573,77.587143,77.881432,67.764725,104729800
2012-03-12,78.425713,78.857140,78.142860,78.857140,68.613670,101820600
2012-03-13,79.648575,81.168571,79.392860,81.157143,70.614899,172713800
2012-03-14,82.578575,84.959999,82.199997,84.225716,73.284874,354711000
2012-03-15,85.658569,85.715714,82.650002,83.651428,72.785179,289929500
2012-03-16,83.531425,84.171425,82.571426,83.652855,72.786430,206371900
2012-03-19,85.481430,85.967140,84.150002,85.871429,74.716820,225309000
2012-03-20,85.644287,86.699997,84.497147,86.565712,75.320923,204165500
2012-03-21,86.105713,87.092857,85.915718,86.071426,74.890816,161010500
2012-03-22,85.397141,86.357140,85.075714,85.620003,74.498055,155967700
2012-03-23,85.784286,85.971428,84.914284,85.150002,74.089111,107622200
2012-03-26,85.684288,86.735718,85.037140,86.711426,75.447708,148935500
2012-03-27,86.597145,88.040001,86.580002,87.782860,76.379951,151782400
2012-03-28,88.339996,88.778572,87.187141,88.231430,76.770241,163865100
2012-03-29,87.540001,88.080002,86.747147,87.122856,75.805679,152059600
2012-03-30,86.967140,87.222855,85.419998,85.650002,74.524162,182759500
2012-04-02,85.975716,88.395714,85.768570,88.375717,76.895775,149587900
2012-04-03,89.614288,90.315712,88.930000,89.902855,78.224541,208639900
2012-04-04,89.192856,89.408569,88.142860,89.187141,77.601814,143245200
2012-04-05,89.568573,90.665718,89.057144,90.525711,78.766510,160324500
2012-04-09,89.447144,91.405716,89.328575,90.889999,79.083466,149384200
2012-04-10,91.418571,92.000000,89.428574,89.777145,78.115189,222431300
2012-04-11,90.885712,90.981430,89.048569,89.457146,77.836761,174153700
2012-04-12,89.285713,90.190002,88.642860,88.967140,77.410393,153584200
2012-04-13,89.158569,89.242859,86.215714,86.461426,75.230179,214911200
2012-04-16,87.151428,87.182854,82.607140,82.875717,72.110222,262696700
2012-04-17,82.705711,87.142860,81.701431,87.099998,75.785782,256382000
2012-04-18,87.674286,88.607140,86.101425,86.905716,75.616753,238632800
2012-04-19,85.745712,86.389999,83.502853,83.919998,73.018890,208679800
2012-04-20,84.482857,84.945717,81.488571,81.854286,71.221497,257746300
2012-04-23,81.515717,82.381432,79.517143,81.671425,71.062386,241632300
2012-04-24,80.372856,81.098572,79.285713,80.040001,69.642883,269037300
2012-04-25,87.948570,88.285713,86.571426,87.142860,75.823074,226444400
2012-04-26,87.752853,87.812859,86.018570,86.814285,75.537201,134017100
2012-04-27,86.438568,86.597145,85.785713,86.142860,74.952972,101680600
2012-04-30,85.400002,85.485718,83.285713,83.425713,72.588791,126536200
2012-05-01,83.557144,85.251427,83.032860,83.161430,72.358841,152749800
2012-05-02,82.891426,83.914284,82.694283,83.711426,72.837395,106847300
2012-05-03,84.357140,84.485718,82.900002,83.117142,72.320290,97637400
2012-05-04,82.440002,82.622856,80.738571,80.750000,70.260635,132498100
2012-05-07,80.214287,81.824287,80.175713,81.354286,70.786446,115029600
2012-05-08,81.368568,81.642860,79.818573,81.168571,70.624855,124313000
2012-05-09,80.528572,81.997147,80.121429,81.311432,70.749161,120176000
2012-05-10,82.082855,82.268570,81.205711,81.502853,70.915718,83300000
2012-05-11,80.714287,82.067146,80.621429,80.958572,70.442146,99886500
2012-05-14,80.367142,81.072861,79.657143,79.745712,69.386826,88156600
2012-05-15,80.207146,80.459999,78.821426,79.024284,68.759087,119084000
2012-05-16,79.150002,79.555717,77.291428,78.011429,67.877823,140224000
2012-05-17,77.901428,78.214287,75.731430,75.731430,65.893990,179305000
2012-05-18,76.279999,77.629997,74.597145,75.768570,65.926308,183073100
2012-05-21,76.357140,80.220001,76.292854,80.182854,69.767181,157776500
2012-05-22,81.364288,81.982857,78.940002,79.567146,69.231438,173717600
2012-05-23,79.642860,81.828575,79.032860,81.508568,70.920677,146224400
2012-05-24,82.267143,82.357140,80.175713,80.760002,70.269348,124057500
2012-05-25,80.655716,80.835716,79.781425,80.327141,69.892731,82126800
2012-05-29,81.557144,82.000000,80.758568,81.752853,71.133240,95127200
2012-05-30,81.314285,82.855713,80.937141,82.738571,71.990906,132357400
2012-05-31,82.962860,83.071426,81.637146,82.532860,71.811905,122918600
2012-06-01,81.308571,81.807144,80.074287,80.141426,69.731140,130246900
2012-06-04,80.214287,81.071426,78.357140,80.612854,70.141327,139248900
2012-06-05,80.181427,80.924286,79.761429,80.404289,69.959854,97053600
2012-06-06,81.110001,81.978569,80.785713,81.637146,71.032585,100363900
2012-06-07,82.470001,82.474289,81.500000,81.674286,71.064880,94941700
2012-06-08,81.657143,82.940002,81.285713,82.902855,72.133842,86879100
2012-06-11,83.959999,84.071426,81.518570,81.595711,70.996506,147816200
2012-06-12,82.065712,82.374283,80.957146,82.308571,71.616745,108845100
2012-06-13,82.074287,82.639999,81.482857,81.737144,71.119530,73395000
2012-06-14,81.605713,81.928574,81.037140,81.647141,71.041260,86393300
2012-06-15,81.571426,82.088570,81.364288,82.018570,71.364433,83813800
2012-06-18,81.565712,83.984283,81.481430,83.682854,72.812531,110103000
2012-06-19,83.342857,84.285713,83.300003,83.915718,73.015144,90351100
2012-06-20,84.029999,84.178574,82.971428,83.677139,72.807579,89735800
2012-06-21,83.634285,84.031425,82.491432,82.524284,71.804474,81587800
2012-06-22,82.720001,83.169998,82.202858,83.157143,72.355103,71117900
2012-06-25,82.471428,82.828575,81.481430,81.538574,70.946785,76095600
2012-06-26,81.618568,82.070000,81.047142,81.718575,71.103401,69134100
2012-06-27,82.142860,82.391426,81.702858,82.071426,71.410423,50749300
2012-06-28,81.667145,82.000000,80.801430,81.292854,70.732979,70709100
2012-06-29,82.571426,83.428574,82.035713,83.428574,72.591286,105375200
2012-07-02,83.532860,84.781425,83.371429,84.645714,73.650322,100023000
2012-07-03,84.982857,85.714287,84.857140,85.629997,74.506752,60428200
2012-07-05,85.794289,87.762856,85.664284,87.134285,75.815620,121095800
2012-07-06,86.727142,86.919998,85.940002,86.554283,75.310966,104732600
2012-07-09,86.471428,87.699997,86.301430,87.698570,76.306618,94851400
2012-07-10,88.281425,88.552856,86.472855,86.887146,75.600586,127989400
2012-07-11,86.588570,86.808571,85.317146,86.347145,75.130730,117330500
2012-07-12,85.748573,86.209999,84.668571,85.557144,74.443336,107010400
2012-07-13,86.135712,86.741432,85.714287,86.424286,75.197861,77856800
2012-07-16,86.445717,87.374283,86.431427,86.701431,75.439003,75315100
2012-07-17,87.255714,87.357140,86.164284,86.705711,75.442734,73406200
2012-07-18,86.655716,86.905716,86.222855,86.608574,75.358215,63175000
2012-07-19,87.325714,87.907143,86.571426,87.760002,76.360062,109215400
2012-07-20,87.575714,87.777145,86.242859,86.328575,75.114601,99367800
2012-07-23,84.914284,86.557144,83.958572,86.261429,75.056145,121993900
2012-07-24,86.768570,87.097145,85.501427,85.845711,74.694458,141283100
2012-07-25,82.065712,82.971428,81.428574,82.138573,71.468849,219328200
2012-07-26,82.822861,82.914284,81.480003,82.125717,71.457657,101658200
2012-07-27,82.144287,83.690002,81.655716,83.594284,72.735458,100984100
2012-07-30,84.417145,85.634285,83.974289,85.004288,73.962311,94785600
2012-07-31,86.175713,87.385712,86.102859,87.251427,75.917549,115581900
2012-08-01,87.987144,88.057144,86.142860,86.687141,75.426552,96125400
2012-08-02,86.120003,87.241432,85.750000,86.827141,75.548363,83039600
2012-08-03,87.661430,88.282860,87.365715,87.957146,76.531601,86230200
2012-08-06,88.184288,89.267143,87.894287,88.935715,77.383049,75525800
2012-08-07,88.967140,89.285713,88.291428,88.701431,77.179199,72611700
2012-08-08,88.484283,89.125717,88.157143,88.551430,77.048676,61176500
2012-08-09,88.264282,88.818573,88.257141,88.675713,77.488098,55410600
2012-08-10,88.387146,88.822861,88.385712,88.814285,77.609184,48734700
2012-08-13,89.055717,90.000000,89.035713,90.000000,78.645302,69708100
2012-08-14,90.267143,91.230003,90.029999,90.241432,78.856270,85042300
2012-08-15,90.185715,90.571426,89.678574,90.118568,78.748901,64335600
2012-08-16,90.172859,90.965714,90.071426,90.905716,79.436752,63633500
2012-08-17,91.428574,92.598572,91.258568,92.587143,80.906044,110690300
2012-08-20,92.858574,95.021431,92.842857,95.021431,83.033203,153346200
2012-08-21,95.831429,96.411430,92.904289,93.722855,81.898483,203179900
2012-08-22,93.488571,95.571426,92.587143,95.552856,83.497574,141330700
2012-08-23,95.158569,95.699997,94.449997,94.661430,82.718636,105032200
2012-08-24,94.215714,95.639999,93.650002,94.745712,82.792305,109335100
2012-08-27,97.141426,97.267143,96.220001,96.525711,84.347717,106752100
2012-08-28,96.425713,96.585716,95.809998,96.400002,84.237877,66854200
2012-08-29,96.464287,96.809998,96.085716,96.209999,84.071815,50701700
2012-08-30,95.805717,95.935715,94.692856,94.838570,82.873436,75674900
2012-08-31,95.321426,95.514282,93.892860,95.034286,83.044464,84580300
2012-09-04,95.108574,96.448570,94.928574,96.424286,84.259094,91973000
2012-09-05,96.510002,96.621429,95.657143,95.747147,83.667366,84093800
2012-09-06,96.167145,96.898575,95.828575,96.610001,84.421394,97799100
2012-09-07,96.864288,97.497147,96.538574,97.205711,84.941940,82416600
2012-09-10,97.207146,97.612854,94.585716,94.677139,82.732361,121999500
2012-09-11,95.015717,95.728569,93.785713,94.370003,82.463966,125995800
2012-09-12,95.264282,95.699997,93.714287,95.684288,83.612457,178058300
2012-09-13,96.767143,97.928574,96.395714,97.568573,85.259003,149590000
2012-09-14,98.565712,99.568573,98.269997,98.754288,86.295128,150118500
2012-09-17,99.907143,99.971428,99.230003,99.968575,87.356209,99507800
2012-09-18,99.982857,100.332855,99.488571,100.272858,87.622108,93375800
2012-09-19,100.037140,100.570000,99.938568,100.300003,87.645813,81718700
2012-09-20,99.879997,100.008568,99.088570,99.814285,87.221397,84142100
2012-09-21,100.344284,100.724289,99.908569,100.012856,87.394920,142897300
2012-09-24,98.122856,99.302856,97.571426,98.684288,86.233955,159941600
2012-09-25,98.322861,98.968575,96.142860,96.220001,84.080582,129697400
2012-09-26,95.534286,96.098572,94.457146,95.025711,83.036949,144125800
2012-09-27,94.898575,97.452858,94.335716,97.331429,85.051788,148522500
2012-09-28,96.964287,97.301430,95.250000,95.300003,83.276634,133777700
2012-10-01,95.879997,96.678574,93.785713,94.198570,82.314178,135898700
2012-10-02,94.544289,95.192856,92.949997,94.472855,82.553856,156998100
2012-10-03,94.980003,95.980003,94.661430,95.921425,83.819672,106070300
2012-10-04,95.892860,96.321426,95.078575,95.257141,83.239174,92681400
2012-10-05,95.028572,95.142860,93.040001,93.227142,81.465286,148501500
2012-10-08,92.411430,92.508568,90.872856,91.167145,79.665184,159498500
2012-10-09,91.235718,91.498573,89.078575,90.835716,79.375580,209649300
2012-10-10,91.391426,92.139999,91.000000,91.558571,80.007248,127589000
2012-10-11,92.357140,92.457146,89.728569,89.728569,78.408127,136520300
2012-10-12,89.937141,90.768570,89.328575,89.958572,78.609100,115003700
2012-10-15,90.335716,90.732857,89.121429,90.680000,79.239525,108125500
2012-10-16,90.767143,92.900002,90.142860,92.827141,81.115761,137442900
2012-10-17,92.695717,93.255714,92.000000,92.087143,80.469109,97259400
2012-10-18,91.370003,91.722855,90.000000,90.377144,78.974846,119156100
2012-10-19,90.150002,90.252853,87.088570,87.120003,76.128654,186021500
2012-10-22,87.488571,90.768570,87.251427,90.575714,79.148384,136682700
2012-10-23,90.142860,90.557144,87.385712,87.622856,76.568062,176786400
2012-10-24,88.777145,89.507141,87.234283,88.118568,77.001244,139631800
2012-10-25,88.571426,88.857140,86.507141,87.077141,76.091209,164081400
2012-10-26,87.061432,87.714287,84.428574,86.285713,75.399620,254608200
2012-10-31,84.982857,85.994286,83.957146,85.045715,74.316071,127500800
2012-11-01,85.459999,86.142860,84.881432,85.220001,74.468384,90324500
2012-11-02,85.127144,85.278572,82.107140,82.400002,72.004120,149843400
2012-11-05,83.360001,83.967140,82.514282,83.517143,72.980354,132283900
2012-11-06,84.318573,84.391426,82.870003,83.264282,72.759407,93729300
2012-11-07,81.977142,82.077141,79.392860,79.714287,69.975441,198412200
2012-11-08,80.089996,80.318573,76.470001,76.821426,67.435959,264036500
2012-11-09,77.202858,79.268570,76.245712,78.151428,68.603500,232478400
2012-11-12,79.164284,79.214287,76.949997,77.547142,68.073044,128950500
2012-11-13,76.987144,78.639999,76.622856,77.557144,68.081810,133237300
2012-11-14,77.928574,78.207146,76.597145,76.697144,67.326889,119292600
2012-11-15,76.790001,77.071426,74.660004,75.088570,65.914833,197477700
2012-11-16,75.028572,75.714287,72.250000,75.382858,66.173149,316723400
2012-11-19,77.244286,81.071426,77.125717,80.818573,70.944801,205829400
2012-11-20,81.701431,81.707146,79.225716,80.129997,70.340355,160688500
2012-11-21,80.607140,81.052856,79.514282,80.242859,70.439415,93250500
2012-11-23,81.024284,81.714287,80.371429,81.642860,71.668404,68206600
2012-11-26,82.271431,84.285713,81.958572,84.218575,73.929398,157644900
2012-11-27,84.221428,84.345711,82.871429,83.540001,73.333740,133332500
2012-11-28,82.467140,83.685715,81.751427,83.277145,73.103004,130216100
2012-11-29,84.317146,84.892860,83.607140,84.194283,73.908081,128674700
2012-11-30,83.827141,84.057144,83.239998,83.611427,73.396439,97829900
2012-12-03,84.807144,84.941429,83.642860,83.741432,73.510567,91070000
2012-12-04,83.114288,83.114288,81.732857,82.264282,72.213882,139267100
2012-12-05,81.272858,81.321426,76.967140,76.970001,67.566399,261159500
2012-12-06,75.562859,79.044289,74.089996,78.177139,68.626076,294303100
2012-12-07,79.057144,79.314285,75.714287,76.178574,66.871666,196760200
2012-12-10,75.000000,76.930000,74.511429,75.688568,66.441528,157621100
2012-12-11,77.110001,78.508568,76.767143,77.341431,67.892464,148086400
2012-12-12,78.252853,78.285713,76.610001,77.000000,67.592758,121786000
2012-12-13,75.878571,76.805717,75.114288,75.669998,66.425201,156314900
2012-12-14,73.535713,74.018570,72.225716,72.827141,63.929680,252394800
2012-12-17,72.704285,74.285713,71.604286,74.118568,65.063339,189401800
2012-12-18,75.000000,76.414284,74.321426,76.271431,66.953171,156421300
2012-12-19,75.924286,76.242859,75.071426,75.187141,66.001366,112342300
2012-12-20,75.714287,75.742859,74.125717,74.532860,65.426994,120422400
2012-12-21,73.209999,74.238571,72.891426,74.190002,65.126045,149067100
2012-12-24,74.335716,74.892860,74.101425,74.309998,65.231392,43938300
2012-12-26,74.142860,74.208572,73.017143,73.285713,64.332230,75609100
2012-12-27,73.362854,73.750000,72.094284,73.580002,64.590576,113780100
2012-12-28,72.898575,73.497147,72.588570,72.798569,63.904606,88569600
2012-12-31,72.932854,76.485718,72.714287,76.024284,66.736229,164873100
2013-01-02,79.117142,79.285713,77.375717,78.432854,68.850548,140129500
2013-01-03,78.268570,78.524284,77.285713,77.442856,67.981491,88241300
2013-01-04,76.709999,76.947144,75.118568,75.285713,66.087891,148583400
2013-01-07,74.571426,75.614288,73.599998,74.842857,65.699158,121039100
2013-01-08,75.601425,75.984283,74.464287,75.044289,65.875954,114676800
2013-01-09,74.642860,75.001427,73.712860,73.871429,64.846390,101901100
2013-01-10,75.507141,75.531425,73.645714,74.787140,65.650238,150286500
2013-01-11,74.428574,75.045715,74.145714,74.328575,65.247704,87626700
2013-01-14,71.811432,72.500000,71.215714,71.678574,62.921452,183551900
2013-01-15,71.185715,71.284286,69.054283,69.417145,60.936287,219193100
2013-01-16,70.662857,72.777145,70.357140,72.298569,63.465691,172701200
2013-01-17,72.901428,72.964287,71.718575,71.811432,63.038078,113419600
2013-01-18,71.217140,71.745712,70.914284,71.428574,62.701996,118230700
2013-01-22,72.080002,72.554283,70.947144,72.110001,63.300167,115386600
2013-01-23,72.687141,73.570000,72.110001,73.430000,64.458878,215377400
2013-01-24,65.714287,66.532860,64.321426,64.357140,56.494480,365213100
2013-01-25,64.527145,65.175713,62.142857,62.840000,55.162701,302006600
2013-01-28,62.547142,64.744286,62.265713,64.261429,56.410473,196379400
2013-01-29,65.500000,65.742859,64.588570,65.467140,57.468884,142789500
2013-01-30,65.285713,66.085716,64.928574,65.261429,57.288307,104288800
2013-01-31,65.282860,65.611427,64.997147,65.070000,57.120266,79833600
2013-02-01,65.587143,65.639999,64.050003,64.802856,56.885754,134871100
2013-02-04,64.844284,65.134285,63.142857,63.188572,55.468674,119279300
2013-02-05,63.435715,65.677139,63.174286,65.405716,57.414951,143336900
2013-02-06,65.209999,66.642860,64.654289,65.335716,57.353516,148426600
2013-02-07,66.178574,67.142860,64.874283,66.888573,59.058853,176145200
2013-02-08,67.714287,68.401428,66.892860,67.854286,59.911518,158289600
2013-02-11,68.071426,69.277145,67.607140,68.561432,60.535877,129372600
2013-02-12,68.501427,68.911430,66.820000,66.842857,59.018475,152263300
2013-02-13,66.744286,67.662857,66.174286,66.715714,58.906216,118801900
2013-02-14,66.360001,67.377144,66.288574,66.655716,58.853249,88818800
2013-02-15,66.978569,67.165718,65.702858,65.737144,58.042206,97936300
2013-02-19,65.871429,66.104286,64.835716,65.712860,58.020763,108945900
2013-02-20,65.384285,65.384285,64.114288,64.121429,56.615623,119075600
2013-02-21,63.714287,64.167145,63.259998,63.722858,56.263714,111795600
2013-02-22,64.178574,64.514282,63.799999,64.401428,56.862831,82663700
2013-02-25,64.835716,65.017143,63.224285,63.257141,55.852501,93144800
2013-02-26,63.402859,64.505714,62.522858,64.138573,56.630756,125374900
2013-02-27,64.061432,64.634285,62.950001,63.509998,56.075764,146837600
2013-02-28,63.435715,63.981430,63.057144,63.057144,55.675922,80628800
2013-03-01,62.571430,62.597141,61.425713,61.495716,54.297264,138112100
2013-03-04,61.114285,61.171429,59.857143,60.007141,52.982929,145688900
2013-03-05,60.211430,62.169998,60.107143,61.591427,54.381771,159608400
2013-03-06,62.072857,62.178570,60.632858,60.808571,53.690552,115062500
2013-03-07,60.642857,61.715714,60.151428,61.511429,54.311134,117118400
2013-03-08,61.400002,62.204285,61.230000,61.674286,54.454929,97870500
2013-03-11,61.392857,62.715714,60.734287,62.552856,55.230663,118559000
2013-03-12,62.228573,62.697144,61.081429,61.204285,54.039940,116477900
2013-03-13,61.207142,62.071430,60.765713,61.192856,54.029842,101387300
2013-03-14,61.832859,62.091427,61.492859,61.785713,54.553310,75968900
2013-03-15,62.561428,63.461430,62.464287,63.380001,55.960979,160990200
2013-03-18,63.064285,65.351425,63.028572,65.102859,57.482178,151549300
2013-03-19,65.642860,65.852859,64.071426,64.927139,57.327007,131693800
2013-03-20,65.345711,65.375717,64.227142,64.582855,57.023029,77165200
2013-03-21,64.317146,65.425713,64.300003,64.675713,57.105022,95813900
2013-03-22,64.940002,66.014282,64.730003,65.987144,58.262951,98776300
2013-03-25,66.384285,67.135712,65.968575,66.225716,58.473579,125283900
2013-03-26,66.491432,66.548569,65.790001,65.877144,58.165817,73573500
2013-03-27,65.208572,65.257141,64.389999,64.582855,57.023029,82809300
2013-03-28,64.260002,64.545715,63.088570,63.237144,55.834843,110709900
2013-04-01,63.128571,63.385715,61.105713,61.272858,54.100498,97433000
2013-04-02,61.085712,62.591427,60.914288,61.398571,54.211483,132379800
2013-04-03,61.624287,62.468571,61.472858,61.712856,54.488991,90804000
2013-04-04,61.965714,62.142857,60.750000,61.102856,53.950390,89611900
2013-04-05,60.642857,60.707142,59.954285,60.457142,53.380264,95923800
2013-04-08,60.692856,61.071430,60.355713,60.887142,53.759933,75207300
2013-04-09,60.908573,61.214287,60.392857,60.997143,53.857048,76653500
2013-04-10,61.157143,62.437141,60.858570,62.241428,54.955688,93982000
2013-04-11,61.959999,62.570000,61.599998,62.047142,54.784145,82091100
2013-04-12,62.021427,62.021427,61.298573,61.400002,54.212742,59653300
2013-04-15,61.000000,61.127144,59.935715,59.978573,52.957710,79380000
2013-04-16,60.224285,60.944286,60.081429,60.891430,53.763706,76442800
2013-04-17,60.038570,60.085712,56.872856,57.542858,50.807110,236264000
2013-04-18,57.855713,57.970001,55.677143,56.007141,49.451168,166574800
2013-04-19,55.424286,57.085712,55.014286,55.790001,49.259438,152318600
2013-04-22,56.091427,57.457142,55.895714,56.952858,50.286175,107480100
2013-04-23,57.712856,58.340000,56.972858,58.018570,51.227139,166059600
2013-04-24,56.220001,59.321430,56.071430,57.922855,51.142620,242412800
2013-04-25,58.747143,59.134285,58.142857,58.340000,51.510948,96209400
2013-04-26,58.544285,59.824287,58.321430,59.599998,52.623451,191024400
2013-04-29,60.064285,61.945713,60.000000,61.445713,54.253109,160081600
2013-04-30,62.157143,63.607143,61.724285,63.254284,55.849964,172884600
2013-05-01,63.494286,63.561428,62.055714,62.755714,55.409767,126727300
2013-05-02,63.111427,64.084282,62.947144,63.645714,56.195595,105457100
2013-05-03,64.472855,64.747147,64.164284,64.282860,56.758148,90325200
2013-05-06,65.101425,66.028572,64.901428,65.815712,58.111580,124160400
2013-05-07,66.424286,66.535713,64.814285,65.522858,57.853008,120938300
2013-05-08,65.577141,66.481430,65.115715,66.262856,58.506386,118149500
2013-05-09,65.687141,66.142860,65.082855,65.252853,57.995953,99621900
2013-05-10,65.424286,65.672859,64.354286,64.709999,57.513474,83713000
2013-05-13,64.501427,65.414284,64.500000,64.962860,57.738209,79237200
2013-05-14,64.835716,65.028572,63.164288,63.408573,56.356773,111779500
2013-05-15,62.737144,63.000000,60.337143,61.264286,54.450962,185403400
2013-05-16,60.462856,62.549999,59.842857,62.082859,55.178509,150801000
2013-05-17,62.721428,62.869999,61.572857,61.894287,55.010910,106976100
2013-05-20,61.701427,63.685715,61.442856,63.275715,56.238693,112894600
2013-05-21,62.592857,63.639999,62.028572,62.808571,55.823502,114005500
2013-05-22,63.435715,64.050003,62.602856,63.049999,56.038090,110759600
2013-05-23,62.278572,63.737144,62.255714,63.162857,56.138401,88255300
2013-05-24,62.978573,63.665714,62.908573,63.592857,56.520561,69041700
2013-05-28,64.271431,64.444283,62.978573,63.062859,56.049515,96536300
2013-05-29,62.857143,63.928570,62.771427,63.564285,56.495171,82644100
2013-05-30,63.664288,64.928574,63.501427,64.511429,57.336990,88379900
2013-05-31,64.642860,65.300003,64.214287,64.247147,57.102085,96075700
2013-06-03,64.389999,64.622856,63.211430,64.388573,57.227791,93088100
2013-06-04,64.745712,64.918571,63.912857,64.187141,57.048763,73182200
2013-06-05,63.664288,64.388573,63.387142,63.587143,56.515488,72647400
2013-06-06,63.638573,63.857143,62.007141,62.637142,55.671135,104233500
2013-06-07,62.357143,63.320000,61.824287,63.115715,56.096489,101133900
2013-06-10,63.532856,64.154289,62.400002,62.698570,55.725742,112538300
2013-06-11,62.248573,63.251427,61.902859,62.514286,55.561951,71528100
2013-06-12,62.785713,63.035713,61.642857,61.741428,54.875038,66306800
2013-06-13,61.785713,62.448570,61.250000,62.279999,55.353714,71458100
2013-06-14,62.200001,62.327145,61.214287,61.435715,54.603321,67966500
2013-06-17,61.634285,62.242859,61.480000,61.714287,54.850918,64853600
2013-06-18,61.651428,62.128571,61.458572,61.681427,54.821705,48756400
2013-06-19,61.628571,61.665714,60.428570,60.428570,53.708191,77735000
2013-06-20,59.900002,60.854286,59.310001,59.548573,52.926052,89327700
2013-06-21,59.784286,60.000000,58.299999,59.071430,52.501984,120279600
2013-06-24,58.200001,58.380001,56.864285,57.505714,51.110390,120186500
2013-06-25,57.957142,58.255714,56.975716,57.518570,51.121815,78540700
2013-06-26,57.700001,57.827145,56.522858,56.867142,50.542839,91931000
2013-06-27,57.035713,57.341427,56.220001,56.254284,49.998131,84311500
2013-06-28,55.908573,57.181427,55.552856,56.647144,50.347298,144629100
2013-07-01,57.527142,58.895714,57.317142,58.459999,51.958546,97763400
2013-07-02,58.565716,60.232857,58.495716,59.784286,53.135551,117466300
2013-07-03,60.122856,60.425713,59.635715,60.114285,53.428848,60232200
2013-07-05,60.055714,60.470001,59.335712,59.631428,52.999695,68506200
2013-07-08,60.015713,60.142857,58.664288,59.292858,52.698784,74534600
2013-07-09,59.085712,60.500000,58.625713,60.335712,53.625652,88146100
2013-07-10,59.942856,60.685715,59.750000,60.104286,53.419975,70351400
2013-07-11,60.421429,61.178570,60.167141,61.041428,54.252888,81573100
2013-07-12,61.092857,61.398571,60.487144,60.930000,54.153854,69890800
2013-07-15,60.715714,61.637142,60.685715,61.062859,54.271938,60479300
2013-07-16,60.931427,61.529999,60.595715,61.457142,54.622364,54134500
2013-07-17,61.385715,61.745716,61.174286,61.472858,54.636337,49747600
2013-07-18,61.911430,62.124287,61.515713,61.680000,54.820435,54719700
2013-07-19,61.871429,61.997143,60.621429,60.707142,53.955780,67180400
2013-07-22,61.351429,61.392857,60.781429,60.901428,54.128464,51949100
2013-07-23,60.857143,60.994286,59.815716,59.855713,53.199036,92348900
2013-07-24,62.704285,63.512856,62.180000,62.930000,55.931431,147984200
2013-07-25,62.957142,63.057144,62.258572,62.642857,55.676224,57373400
2013-07-26,62.185715,63.005714,62.048573,62.998573,55.992386,50038100
2013-07-29,62.971428,64.284286,62.885715,63.970001,56.855770,62014400
2013-07-30,64.279999,65.307144,64.175713,64.760002,57.557915,77355600
2013-07-31,64.998573,65.334282,64.204285,64.647141,57.457600,80739400
2013-08-01,65.107140,65.257141,64.751427,65.239998,57.984528,51562700
2013-08-02,65.430000,66.121429,65.237144,66.077141,58.728561,68695900
2013-08-05,66.384285,67.238571,66.021431,67.064285,59.605927,79713900
2013-08-06,66.860001,67.412857,66.024284,66.464287,59.072670,83714400
2013-08-07,66.257141,66.714287,65.967140,66.425713,59.038376,74714500
2013-08-08,66.265717,66.300003,65.421425,65.858574,58.920799,63944300
2013-08-09,65.519997,65.779999,64.807144,64.921425,58.082375,66716300
2013-08-12,65.265717,66.949997,65.232857,66.765717,59.732368,91108500
2013-08-13,67.277145,70.665718,66.864288,69.938568,62.570992,220485300
2013-08-14,71.125717,72.035713,70.485718,71.214287,63.712326,189093100
2013-08-15,70.917145,71.771431,69.868568,71.129997,63.636925,122573500
2013-08-16,71.449997,71.848572,71.265717,71.761429,64.201828,90576500
2013-08-19,72.048569,73.391426,72.000000,72.534286,64.893272,127629600
2013-08-20,72.815712,72.938568,71.545715,71.581429,64.040810,89672100
2013-08-21,71.941429,72.449997,71.599998,71.765717,64.205650,83969900
2013-08-22,72.139999,72.227142,71.171425,71.851425,64.282341,61051900
2013-08-23,71.895714,71.907143,71.335716,71.574287,64.034378,55682900
2013-08-26,71.535713,72.885712,71.500000,71.852859,64.283607,82741400
2013-08-27,71.142860,71.787140,69.471428,69.798569,62.445732,106047200
2013-08-28,69.428574,70.828575,69.428574,70.128571,62.740967,76902000
2013-08-29,70.235718,70.928574,70.161430,70.242859,62.843216,59914400
2013-08-30,70.285713,70.421425,69.500000,69.602859,62.270653,68074300
2013-09-03,70.442856,71.514282,69.621429,69.797142,62.444466,82982200
2013-09-04,71.365715,71.748573,70.897141,71.241432,63.736599,86258200
2013-09-05,71.464287,71.525711,70.519997,70.752853,63.299492,59091900
2013-09-06,71.205711,71.339996,69.992859,71.174286,63.676525,89881400
2013-09-09,72.142860,72.559998,71.925713,72.309998,64.692596,85171800
2013-09-10,72.314285,72.492859,69.928574,70.662857,63.218979,185798900
2013-09-11,66.715714,67.669998,66.401428,66.815712,59.777115,224674100
2013-09-12,66.928574,67.914284,66.572861,67.527145,60.413586,101012800
2013-09-13,67.048569,67.404289,66.385712,66.414284,59.417957,74708900
2013-09-16,65.857140,65.944283,63.888573,64.302856,57.528954,135926700
2013-09-17,63.994286,65.672859,63.928570,65.045715,58.193565,99845200
2013-09-18,66.168571,66.621429,65.808571,66.382858,59.389862,114215500
2013-09-19,67.242859,67.975716,67.035713,67.471428,60.363731,101135300
2013-09-20,68.285713,68.364288,66.571426,66.772858,59.738770,174825700
2013-09-23,70.871429,70.987144,68.942856,70.091431,62.707752,190526700
2013-09-24,70.697144,70.781425,69.688568,69.871429,62.510921,91086100
2013-09-25,69.885712,69.948570,68.775711,68.790001,61.543415,79239300
2013-09-26,69.428574,69.794289,69.128571,69.459999,62.142822,59305400
2013-09-27,69.111427,69.238571,68.674286,68.964287,61.699341,57010100
2013-09-30,68.178574,68.808571,67.772858,68.107140,60.932487,65039100
2013-10-01,68.349998,69.877144,68.339996,69.708572,62.365208,88470900
2013-10-02,69.375717,70.257141,69.107140,69.937141,62.569702,72296000
2013-10-03,70.072861,70.335716,68.677139,69.058571,61.783703,80688300
2013-10-04,69.122856,69.228569,68.371429,69.004288,61.735130,64717100
2013-10-07,69.508568,70.378571,69.335716,69.678574,62.338379,78073100
2013-10-08,69.991432,70.091431,68.648575,68.705711,61.468010,72729300
2013-10-09,69.234283,69.684288,68.325714,69.512856,62.190121,75431300
2013-10-10,70.188568,70.339996,69.577141,69.948570,62.579937,69650700
2013-10-11,69.570000,70.548569,69.308571,70.401428,62.985088,66934700
2013-10-14,69.975716,71.082855,69.907143,70.862854,63.397900,65474500
2013-10-15,71.072861,71.714287,70.788574,71.239998,63.735325,80018400
2013-10-16,71.541428,71.790001,71.318573,71.587143,64.045898,62775300
2013-10-17,71.425713,72.111427,71.382858,72.071426,64.479172,63398300
2013-10-18,72.284286,72.751427,72.244286,72.698570,65.040237,72635500
2013-10-21,73.110001,74.900002,73.074287,74.480003,66.634018,99526700
2013-10-22,75.201431,75.492859,72.575714,74.267143,66.443581,133515900
2013-10-23,74.142860,75.095711,74.142860,74.994286,67.094139,78430800
2013-10-24,75.000000,76.067146,74.635712,75.987144,67.982399,96191200
2013-10-25,75.902855,76.175713,75.015717,75.137146,67.221924,84448000
2013-10-28,75.577141,75.857140,74.744286,75.697144,67.722931,137610200
2013-10-29,76.610001,77.035713,73.505714,73.811432,66.035889,158951800
2013-10-30,74.230003,75.360001,73.860001,74.985718,67.086464,88540900
2013-10-31,75.000000,75.355713,74.467140,74.671425,66.805275,68924100
2013-11-01,74.860001,74.971428,73.691429,74.290001,66.464012,68722500
2013-11-04,74.442856,75.260002,74.115715,75.250000,67.322884,61156900
2013-11-05,74.940002,75.555717,74.714287,75.064285,67.156746,66303300
2013-11-06,74.878571,74.980003,74.028572,74.417145,66.966484,55843900
2013-11-07,74.225716,74.741432,73.197144,73.212860,65.882751,65655100
2013-11-08,73.511429,74.447144,73.227142,74.365715,66.920204,69829200
2013-11-11,74.284286,74.524284,73.487144,74.150002,66.726067,56863100
2013-11-12,73.952858,74.845711,73.857140,74.287140,66.849480,51069200
2013-11-13,74.000000,74.607140,73.851425,74.375717,66.929192,49305200
2013-11-14,74.687141,75.611427,74.552856,75.451431,67.897240,70604800
2013-11-15,75.225716,75.584282,74.927139,74.998573,67.489693,79480100
2013-11-18,74.998573,75.312859,74.028572,74.089996,66.672089,61236000
2013-11-19,74.147141,74.768570,73.995712,74.221428,66.790359,52234700
2013-11-20,74.175713,74.345711,73.475716,73.571426,66.205444,48479200
2013-11-21,73.942856,74.458572,73.381432,74.448570,66.994759,65506700
2013-11-22,74.217140,74.594284,74.075714,74.257141,66.822495,55931400
2013-11-25,74.431427,75.124283,74.428574,74.820000,67.329010,57327900
2013-11-26,74.874283,76.591431,74.857140,76.199997,68.570824,100345700
2013-11-27,76.615715,78.000000,76.199997,77.994286,70.185463,90862100
2013-11-29,78.497147,79.761429,78.258568,79.438568,71.485153,79531900
2013-12-02,79.714287,80.618568,78.688568,78.747147,70.862946,118136200
2013-12-03,79.757141,80.911430,79.668571,80.902855,72.802834,112742000
2013-12-04,80.785713,81.312859,80.117142,80.714287,72.633133,94452400
2013-12-05,81.807144,82.162857,80.915718,81.128571,73.005959,111895000
2013-12-06,80.827141,80.964287,79.938568,80.002853,71.992950,86088100
2013-12-09,80.128571,81.368568,80.128571,80.918571,72.816994,80123400
2013-12-10,80.511429,81.125717,80.171425,80.792854,72.703850,69567400
2013-12-11,81.000000,81.567146,79.955711,80.194283,72.165207,89929700
2013-12-12,80.305717,80.762856,80.004288,80.077141,72.059807,65572500
2013-12-13,80.407143,80.411430,79.095711,79.204285,71.274330,83205500
2013-12-16,79.288574,80.377144,79.287140,79.642860,71.668976,70648200
2013-12-17,79.401428,79.919998,79.054283,79.284286,71.346321,57475600
2013-12-18,78.528572,78.778572,76.971428,78.681427,70.803841,141465800
2013-12-19,78.500000,78.571426,77.675713,77.779999,69.992645,80077200
2013-12-20,77.918571,78.801430,77.831429,78.431427,70.578842,109103400
2013-12-23,81.142860,81.531425,80.394287,81.441429,73.287506,125326600
2013-12-24,81.412857,81.697144,80.861427,81.095711,72.976387,41888700
2013-12-26,81.157143,81.357140,80.482857,80.557144,72.491737,51002000
2013-12-27,80.545715,80.629997,79.928574,80.012856,72.001923,56471100
2013-12-30,79.637146,80.012856,78.902855,79.217140,71.285904,63407400
2013-12-31,79.167145,80.182854,79.142860,80.145714,72.121513,55771100
2014-01-02,79.382858,79.575714,78.860001,79.018570,71.107201,58671200
2014-01-03,78.980003,79.099998,77.204285,77.282860,69.545288,98116900
2014-01-06,76.778572,78.114288,76.228569,77.704285,69.924515,103152700
2014-01-07,77.760002,77.994286,76.845711,77.148575,69.424438,79302300
2014-01-08,76.972855,77.937141,76.955711,77.637146,69.864105,64632400
2014-01-09,78.114288,78.122856,76.478569,76.645714,68.971939,69787200
2014-01-10,77.118568,77.257141,75.872856,76.134285,68.511696,76244000
2014-01-13,75.701431,77.500000,75.697144,76.532860,68.870354,94623200
2014-01-14,76.888573,78.104286,76.808571,78.055717,70.240776,83140400
2014-01-15,79.074287,80.028572,78.808571,79.622856,71.651016,97909700
2014-01-16,79.271431,79.550003,78.811432,79.178574,71.251190,57319500
2014-01-17,78.782860,78.867142,77.128571,77.238571,69.505417,106684900
2014-01-21,77.284286,78.581429,77.202858,78.438568,70.585274,82131700
2014-01-22,78.701431,79.612854,78.258568,78.787140,70.898949,94996300
2014-01-23,78.562859,79.500000,77.830002,79.454285,71.499313,100809800
2014-01-24,79.142860,79.374283,77.821426,78.010002,70.199638,107338700
2014-01-27,78.581429,79.257141,77.964287,78.642860,70.769104,138719700
2014-01-28,72.680000,73.571426,71.724289,72.357140,65.112747,266380800
2014-01-29,71.992859,72.481430,71.231430,71.535713,64.373535,125702500
2014-01-30,71.791428,72.357140,70.957146,71.397141,64.248833,169625400
2014-01-31,70.739998,71.647141,70.507141,71.514282,64.354248,116199300
2014-02-03,71.801430,72.532860,71.328575,71.647141,64.473801,100366000
2014-02-04,72.264282,72.779999,71.822861,72.684288,65.407135,94170300
2014-02-05,72.365715,73.611427,72.321426,73.227142,65.895630,82086200
2014-02-06,72.865715,73.357140,72.544289,73.215714,66.279694,64441300
2014-02-07,74.482857,74.704285,73.911430,74.239998,67.206963,92570100
2014-02-10,74.094284,75.998573,74.000000,75.570000,68.410950,86389800
2014-02-11,75.801430,76.821426,75.642860,76.565712,69.312332,70564200
2014-02-12,76.707146,77.080002,76.177139,76.559998,69.307167,77025200
2014-02-13,76.379997,77.835716,76.314285,77.775711,70.407707,76849500
2014-02-14,77.495712,77.997147,77.315712,77.712860,70.350830,68231100
2014-02-18,78.000000,78.741432,77.944283,77.998573,70.609474,65062900
2014-02-19,77.821426,78.127144,76.335716,76.767143,69.494705,78442000
2014-02-20,76.141426,76.714287,75.571426,75.878571,68.690308,76464500
2014-02-21,76.112854,76.367142,74.942856,75.035713,67.927292,69696200
2014-02-24,74.735718,75.702858,74.631432,75.364288,68.224747,72227400
2014-02-25,75.625717,75.652855,74.428574,74.580002,67.514740,57988000
2014-02-26,74.801430,75.000000,73.657143,73.907143,66.905632,69054300
2014-02-27,73.877144,75.540001,73.721428,75.381432,68.240265,75470500
2014-02-28,75.582855,76.107140,74.588570,75.177139,68.055313,92992200
2014-03-03,74.774284,75.807144,74.687141,75.394287,68.251900,59695300
2014-03-04,75.857140,76.091431,75.395714,75.891426,68.701942,64785000
2014-03-05,75.845711,76.392860,75.589996,76.051430,68.846786,50015700
2014-03-06,76.112854,76.348572,75.442856,75.821426,68.638573,46372200
2014-03-07,75.870003,75.997147,75.150002,75.777145,68.598480,55182400
2014-03-10,75.480003,76.190002,75.477142,75.845711,68.660553,44646000
2014-03-11,76.492859,76.962860,76.084282,76.584282,69.329140,69806100
2014-03-12,76.358574,76.764282,76.000000,76.658569,69.396400,49831600
2014-03-13,76.777145,77.094284,75.594284,75.807144,68.625633,64435700
2014-03-14,75.541428,75.841431,74.714287,74.955711,67.854874,59299800
2014-03-17,75.385712,75.709999,75.121429,75.248573,68.120003,49886200
2014-03-18,75.128571,75.995712,75.028572,75.914284,68.722649,52411800
2014-03-19,76.037140,76.605713,75.571426,75.894287,68.704536,56189000
2014-03-20,75.698570,76.095711,75.335716,75.528572,68.373459,52099600
2014-03-21,75.989998,76.250000,75.190002,76.124283,68.912712,93511600
2014-03-24,76.917145,77.214287,76.437141,77.027145,69.730057,88925200
2014-03-25,77.357140,77.964287,77.084282,77.855713,70.480148,70573300
2014-03-26,78.074287,78.428574,76.980003,77.111427,69.806358,74942000
2014-03-27,77.145714,77.357140,76.445717,76.779999,69.506332,55507900
2014-03-28,76.902855,76.991432,76.321426,76.694283,69.428749,50141000
2014-03-31,77.032860,77.258568,76.561432,76.677139,69.413216,42167300
2014-04-01,76.822861,77.410004,76.681427,77.378571,70.048203,50190000
2014-04-02,77.482857,77.639999,77.180000,77.507141,70.164581,45105200
2014-04-03,77.341431,77.500000,76.805717,76.970001,69.678329,40586000
2014-04-04,77.115715,77.142860,75.797142,75.974289,68.776962,68812800
2014-04-07,75.431427,75.842857,74.555717,74.781425,67.697105,72462600
2014-04-08,75.027145,75.160004,74.099998,74.777145,67.693222,60972100
2014-04-09,74.662857,75.784286,74.574287,75.760002,68.582962,51542400
2014-04-10,75.811432,76.034286,74.738571,74.782860,67.698395,59913000
2014-04-11,74.142860,74.690002,73.877144,74.230003,67.197906,67929400
2014-04-14,74.557144,74.594284,73.887146,74.525711,67.465599,51418500
2014-04-15,74.324287,74.519997,73.047142,73.994286,66.984520,66622500
2014-04-16,74.007141,74.441429,73.448570,74.144287,67.120300,53691400
2014-04-17,74.285713,75.394287,74.171425,74.991432,67.887184,71083600
2014-04-21,75.048569,76.019997,74.851425,75.881432,68.692894,45637200
2014-04-22,75.472855,75.975716,75.214287,75.957146,68.761436,50640800
2014-04-23,75.580002,75.875717,74.921425,74.964287,67.862625,98735000
2014-04-24,81.172859,81.428574,80.104286,81.110001,73.426125,189977900
2014-04-25,80.647141,81.712860,80.565712,81.705711,73.965424,97568800
2014-04-28,81.828575,85.107140,81.792854,84.870003,76.829926,167371400
2014-04-29,84.820000,85.139999,84.215714,84.618568,76.602325,84344400
2014-04-30,84.662857,85.632858,84.257141,84.298569,76.312637,114160200
2014-05-01,84.571426,84.971428,83.765717,84.497147,76.492416,61012000
2014-05-02,84.620003,84.885712,84.244286,84.654289,76.634659,47878600
2014-05-05,84.305717,85.857140,84.285713,85.851425,77.718399,71766800
2014-05-06,85.971428,86.344284,84.915718,84.915718,76.871338,93641100
2014-05-07,85.035713,85.327141,83.961426,84.618568,76.602325,70716100
2014-05-08,84.035713,84.915718,83.771431,83.998573,76.465782,57574300
2014-05-09,83.505714,83.750000,82.904289,83.648575,76.147163,72899400
2014-05-12,83.927139,84.808571,83.914284,84.690002,77.095222,53302200
2014-05-13,84.571426,84.934288,84.385712,84.822861,77.216141,39934300
2014-05-14,84.632858,85.342857,84.534286,84.838570,77.230438,41601000
2014-05-15,84.957146,85.228569,84.005714,84.117142,76.573708,57711500
2014-05-16,84.089996,85.361427,83.628571,85.358574,77.703812,69064100
2014-05-19,85.407143,86.761429,85.332855,86.370003,78.624557,79438800
2014-05-20,86.358574,86.628571,85.818573,86.387146,78.640152,58709000
2014-05-21,86.261429,86.671425,86.008568,86.615715,78.848228,49214900
2014-05-22,86.657143,87.121429,86.300003,86.752853,78.973053,50190000
2014-05-23,86.750000,87.818573,86.638573,87.732857,79.865181,58052400
2014-05-27,87.982857,89.408569,87.947144,89.375717,81.360710,87216500
2014-05-28,89.431427,89.975716,89.111427,89.144287,81.150032,78870400
2014-05-29,89.692856,90.981430,89.681427,90.768570,82.628647,94118500
2014-05-30,91.139999,92.024284,89.842857,90.428574,82.319153,141005200
2014-06-02,90.565712,90.690002,88.928574,89.807144,81.753456,92337700
2014-06-03,89.779999,91.248573,89.750000,91.077141,82.909561,73177300
2014-06-04,91.062859,92.555717,90.872856,92.117142,83.856285,83870500
2014-06-05,92.314285,92.767143,91.801430,92.478569,84.185326,75951400
2014-06-06,92.842857,93.037140,92.067146,92.224289,83.953819,87484600
2014-06-09,92.699997,93.879997,91.750000,93.699997,85.297188,75415000
2014-06-10,94.730003,95.050003,93.570000,94.250000,85.797882,62777000
2014-06-11,94.129997,94.760002,93.470001,93.860001,85.442848,45681000
2014-06-12,94.040001,94.120003,91.900002,92.290001,84.013641,54749000
2014-06-13,92.199997,92.440002,90.879997,91.279999,83.094223,54525000
2014-06-16,91.510002,92.750000,91.449997,92.199997,83.931717,35561000
2014-06-17,92.309998,92.699997,91.800003,92.080002,83.822487,29726000
2014-06-18,92.269997,92.290001,91.349998,92.180000,83.913513,33514000
2014-06-19,92.290001,92.300003,91.339996,91.860001,83.622215,35528000
2014-06-20,91.849998,92.550003,90.900002,90.910004,82.757423,100898000
2014-06-23,91.320000,91.620003,90.599998,90.830002,82.684586,43694000
2014-06-24,90.750000,91.739998,90.190002,90.279999,82.183914,39036000
2014-06-25,90.209999,90.699997,89.650002,90.360001,82.256729,36869000
2014-06-26,90.370003,91.050003,89.800003,90.900002,82.748299,32629000
2014-06-27,90.820000,92.000000,90.769997,91.980003,83.731461,64029000
2014-06-30,92.099998,93.730003,92.089996,92.930000,84.596260,49482300
2014-07-01,93.519997,94.070000,93.129997,93.519997,85.133339,38223000
2014-07-02,93.870003,94.059998,93.089996,93.480003,85.096939,28465000
2014-07-03,93.669998,94.099998,93.199997,94.029999,85.597595,22891800
2014-07-07,94.139999,95.989998,94.099998,95.970001,87.363640,56468000
2014-07-08,96.269997,96.800003,93.919998,95.349998,86.799232,65222000
2014-07-09,95.440002,95.949997,94.760002,95.389999,86.835640,36436000
2014-07-10,93.760002,95.550003,93.519997,95.040001,86.517044,39686000
2014-07-11,95.360001,95.889999,94.860001,95.220001,86.680893,34018000
2014-07-14,95.860001,96.889999,95.650002,96.449997,87.800583,42810000
2014-07-15,96.800003,96.849998,95.029999,95.320000,86.771927,45477900
2014-07-16,96.970001,97.099998,94.739998,94.779999,86.280357,53396300
2014-07-17,95.029999,95.279999,92.570000,93.089996,84.741905,57298000
2014-07-18,93.620003,94.739998,93.019997,94.430000,85.961739,49988000
2014-07-21,94.989998,95.000000,93.720001,93.940002,85.515701,39079000
2014-07-22,94.680000,94.889999,94.120003,94.720001,86.225731,55197000
2014-07-23,95.419998,97.879997,95.169998,97.190002,88.474243,92918000
2014-07-24,97.040001,97.320000,96.419998,97.029999,88.328583,45729000
2014-07-25,96.849998,97.839996,96.639999,97.669998,88.911179,43469000
2014-07-28,97.820000,99.239998,97.550003,99.019997,90.140106,55318000
2014-07-29,99.330002,99.440002,98.250000,98.379997,89.557503,43143000
2014-07-30,98.440002,98.699997,97.669998,98.150002,89.348145,33010000
2014-07-31,97.160004,97.449997,95.330002,95.599998,87.026825,56843000
2014-08-01,94.900002,96.620003,94.809998,96.129997,87.509277,48511000
2014-08-04,96.370003,96.580002,95.169998,95.589996,87.017715,39958000
2014-08-05,95.360001,95.680000,94.360001,95.120003,86.589867,55933000
2014-08-06,94.750000,95.480003,94.709999,94.959999,86.444214,38558000
2014-08-07,94.930000,95.949997,94.099998,94.480003,86.435051,46711000
2014-08-08,94.260002,94.820000,93.279999,94.739998,86.672913,41865000
2014-08-11,95.269997,96.080002,94.839996,95.989998,87.816490,36585000
2014-08-12,96.040001,96.879997,95.610001,95.970001,87.798195,33795000
2014-08-13,96.150002,97.239998,96.040001,97.239998,88.960045,31916000
2014-08-14,97.330002,97.570000,96.800003,97.500000,89.197899,28116000
2014-08-15,97.900002,98.190002,96.860001,97.980003,89.637047,48951000
2014-08-18,98.489998,99.370003,97.980003,99.160004,90.716583,47572000
2014-08-19,99.410004,100.680000,99.320000,100.529999,91.969910,69399000
2014-08-20,100.440002,101.089996,99.949997,100.570000,92.006516,52699000
2014-08-21,100.570000,100.940002,100.110001,100.580002,92.015656,33478000
2014-08-22,100.290001,101.470001,100.190002,101.320000,92.692642,44184000
2014-08-25,101.790001,102.169998,101.279999,101.540001,92.893921,40270000
2014-08-26,101.419998,101.500000,100.860001,100.889999,92.299255,33152000
2014-08-27,101.019997,102.570000,100.699997,102.129997,93.433670,52369000
2014-08-28,101.589996,102.779999,101.559998,102.250000,93.543465,68460000
2014-08-29,102.860001,102.900002,102.199997,102.500000,93.772141,44595000
2014-09-02,103.059998,103.739998,102.720001,103.300003,94.504051,53564000
2014-09-03,103.099998,103.199997,98.580002,98.940002,90.515305,125421000
2014-09-04,98.849998,100.089996,97.790001,98.120003,89.765106,85718000
2014-09-05,98.800003,99.389999,98.309998,98.970001,90.542747,58457000
2014-09-08,99.300003,99.309998,98.050003,98.360001,89.984695,46356700
2014-09-09,99.080002,103.080002,96.139999,97.989998,89.646179,189846300
2014-09-10,98.010002,101.110001,97.760002,101.000000,92.399879,100869600
2014-09-11,100.410004,101.440002,99.620003,101.430000,92.793266,62353100
2014-09-12,101.209999,102.190002,101.080002,101.660004,93.003700,62626100
2014-09-15,102.809998,103.050003,101.440002,101.629997,92.976242,61316500
2014-09-16,99.800003,101.260002,98.889999,100.860001,92.271805,66908100
2014-09-17,101.269997,101.800003,100.589996,101.580002,92.930489,60926500
2014-09-18,101.930000,102.349998,101.559998,101.790001,93.122620,37299400
2014-09-19,102.290001,102.349998,100.500000,100.959999,92.363297,70902400
2014-09-22,101.800003,102.139999,100.580002,101.059998,92.454758,52788400
2014-09-23,100.599998,102.940002,100.540001,102.639999,93.900253,63402200
2014-09-24,102.160004,102.849998,101.199997,101.750000,93.086029,60171800
2014-09-25,100.510002,100.709999,97.720001,97.870003,89.536415,100092000
2014-09-26,98.529999,100.750000,98.400002,100.750000,92.171188,62370500
2014-09-29,98.650002,100.440002,98.629997,100.110001,91.585663,49766300
2014-09-30,100.809998,101.540001,100.529999,100.750000,92.171188,55264100
2014-10-01,100.589996,100.690002,98.699997,99.180000,90.734871,51491300
2014-10-02,99.269997,100.220001,98.040001,99.900002,91.393555,47757800
2014-10-03,99.440002,100.209999,99.040001,99.620003,91.137390,43469600
2014-10-06,99.949997,100.650002,99.419998,99.620003,91.137390,37051200
2014-10-07,99.430000,100.120003,98.730003,98.750000,90.341476,42094200
2014-10-08,98.760002,101.110001,98.309998,100.800003,92.216919,57404700
2014-10-09,101.540001,102.379997,100.610001,101.019997,92.418167,77376500
2014-10-10,100.690002,102.029999,100.300003,100.730003,92.152870,66331600
2014-10-13,101.330002,101.779999,99.809998,99.809998,91.311218,53583400
2014-10-14,100.389999,100.519997,98.570000,98.750000,90.341476,63688600
2014-10-15,97.970001,99.150002,95.180000,97.540001,89.234497,100933600
2014-10-16,95.550003,97.720001,95.410004,96.260002,88.063492,72154500
2014-10-17,97.500000,99.000000,96.809998,97.669998,89.353439,68179700
2014-10-20,98.320000,99.959999,98.220001,99.760002,91.265472,77517300
2014-10-21,103.019997,103.019997,101.269997,102.470001,93.744705,94623900
2014-10-22,102.839996,104.110001,102.599998,102.989998,94.220428,68263100
2014-10-23,104.080002,105.050003,103.629997,104.830002,95.903763,71074700
2014-10-24,105.180000,105.489998,104.529999,105.220001,96.260551,47053900
2014-10-27,104.849998,105.480003,104.699997,105.110001,96.159904,34187700
2014-10-28,105.400002,106.739998,105.349998,106.739998,97.651108,48060900
2014-10-29,106.650002,107.370003,106.360001,107.339996,98.200035,52687900
2014-10-30,106.959999,107.349998,105.900002,106.980003,97.870689,40654800
2014-10-31,108.010002,108.040001,107.209999,108.000000,98.803833,44639300
2014-11-03,108.220001,110.300003,108.010002,109.400002,100.084625,52282600
2014-11-04,109.360001,109.489998,107.720001,108.599998,99.352760,41574400
2014-11-05,109.099998,109.300003,108.129997,108.860001,99.590630,37435900
2014-11-06,108.599998,108.790001,107.800003,108.699997,99.875427,34968500
2014-11-07,108.750000,109.320000,108.550003,109.010002,100.160294,33691500
2014-11-10,109.019997,109.330002,108.669998,108.830002,99.994888,27195500
2014-11-11,108.699997,109.750000,108.400002,109.699997,100.794250,27442300
2014-11-12,109.379997,111.430000,109.370003,111.250000,102.218430,46942400
2014-11-13,111.800003,113.449997,111.599998,112.820000,103.660957,59522900
2014-11-14,113.150002,114.190002,111.209999,114.180000,104.910561,44063600
2014-11-17,114.269997,117.279999,113.300003,113.989998,104.735992,46746700
2014-11-18,113.940002,115.690002,113.889999,115.470001,106.095840,44224000
2014-11-19,115.440002,115.739998,113.800003,114.669998,105.360786,41869200
2014-11-20,114.910004,116.860001,114.849998,116.309998,106.867630,43395500
2014-11-21,117.510002,117.570000,116.029999,116.470001,107.014664,57179300
2014-11-24,116.849998,118.769997,116.620003,118.629997,108.999298,47450800
2014-11-25,119.070000,119.750000,117.449997,117.599998,108.052910,68840400
2014-11-26,117.940002,119.099998,117.830002,119.000000,109.339249,40768300
2014-11-28,119.269997,119.400002,118.050003,118.930000,109.274948,24814400
2014-12-01,118.809998,119.250000,111.269997,115.070000,105.728317,83814000
2014-12-02,113.500000,115.750000,112.750000,114.629997,105.324020,59348900
2014-12-03,115.750000,116.349998,115.110001,115.930000,106.518494,43063400
2014-12-04,115.769997,117.199997,115.290001,115.489998,106.114204,42044500
2014-12-05,115.989998,116.080002,114.639999,115.000000,105.663986,38318900
2014-12-08,114.099998,114.650002,111.620003,112.400002,103.275063,57664900
2014-12-09,110.190002,114.300003,109.349998,114.120003,104.855431,60208000
2014-12-10,114.410004,114.849998,111.540001,111.949997,102.861610,44565300
2014-12-11,112.260002,113.800003,111.339996,111.620003,102.558395,41401700
2014-12-12,110.459999,111.870003,109.580002,109.730003,100.821831,56028100
2014-12-15,110.699997,111.599998,106.349998,108.230003,99.443619,67218100
2014-12-16,106.370003,110.160004,106.260002,106.750000,98.083740,60790700
2014-12-17,107.120003,109.839996,106.820000,109.410004,100.527809,53411800
2014-12-18,111.870003,112.650002,110.660004,112.650002,103.504761,59006200
2014-12-19,112.260002,113.239998,111.660004,111.779999,102.705391,88429800
2014-12-22,112.160004,113.489998,111.970001,112.940002,103.771225,45167500
2014-12-23,113.230003,113.330002,112.459999,112.540001,103.403709,26028400
2014-12-24,112.580002,112.709999,112.010002,112.010002,102.916725,14479600
2014-12-26,112.099998,114.519997,112.010002,113.989998,104.735992,33721000
2014-12-29,113.790001,114.769997,113.699997,113.910004,104.662506,27598900
2014-12-30,113.639999,113.919998,112.110001,112.519997,103.385315,29881500
2014-12-31,112.820000,113.129997,110.209999,110.379997,101.419060,41403400
2015-01-02,111.389999,111.440002,107.349998,109.330002,100.454300,53204600
2015-01-05,108.290001,108.650002,105.410004,106.250000,97.624336,64285500
2015-01-06,106.540001,107.430000,104.629997,106.260002,97.633545,65797100
2015-01-07,107.199997,108.199997,106.699997,107.750000,99.002556,40105900
2015-01-08,109.230003,112.150002,108.699997,111.889999,102.806480,59364500
2015-01-09,112.669998,113.250000,110.209999,112.010002,102.916725,53699500
2015-01-12,112.599998,112.629997,108.800003,109.250000,100.380791,49650800
2015-01-13,111.430000,112.800003,108.910004,110.220001,101.272049,67091900
2015-01-14,109.040001,110.489998,108.500000,109.800003,100.886154,48956600
2015-01-15,110.000000,110.059998,106.660004,106.820000,98.148056,60014000
2015-01-16,107.029999,107.580002,105.199997,105.989998,97.385445,78513300
2015-01-20,107.839996,108.970001,106.500000,108.720001,99.893822,49899900
2015-01-21,108.949997,111.059998,108.269997,109.550003,100.656441,48575900
2015-01-22,110.260002,112.470001,109.720001,112.400002,103.275063,53796400
2015-01-23,112.300003,113.750000,111.529999,112.980003,103.807991,46464800
2015-01-26,113.739998,114.360001,112.800003,113.099998,103.918228,55615000
2015-01-27,112.419998,112.480003,109.029999,109.139999,100.279716,95568700
2015-01-28,117.629997,118.120003,115.309998,115.309998,105.948822,146477100
2015-01-29,116.320000,119.190002,115.559998,118.900002,109.247391,84436400
2015-01-30,118.400002,120.000000,116.849998,117.160004,107.648643,83745500
2015-02-02,118.050003,119.169998,116.080002,118.629997,108.999298,62739100
2015-02-03,118.500000,119.089996,117.610001,118.650002,109.017654,51915700
2015-02-04,118.500000,120.510002,118.309998,119.559998,109.853806,70149700
2015-02-05,120.019997,120.230003,119.250000,119.940002,110.637886,42246200
2015-02-06,120.019997,120.250000,118.449997,118.930000,109.706200,43706600
2015-02-09,118.550003,119.839996,118.430000,119.720001,110.434944,38889800
2015-02-10,120.169998,122.150002,120.160004,122.019997,112.556557,62008500
2015-02-11,122.769997,124.919998,122.500000,124.879997,115.194748,73561800
2015-02-12,126.059998,127.480003,125.570000,126.459999,116.652199,74474500
2015-02-13,127.279999,127.279999,125.650002,127.080002,117.224121,54272200
2015-02-17,127.489998,128.880005,126.919998,127.830002,117.915962,63152400
2015-02-18,127.629997,128.779999,127.449997,128.720001,118.736946,44891700
2015-02-19,128.479996,129.029999,128.330002,128.449997,118.487869,37362400
2015-02-20,128.619995,129.500000,128.050003,129.500000,119.456444,48948400
2015-02-23,130.020004,133.000000,129.660004,133.000000,122.684975,70974100
2015-02-24,132.940002,133.600006,131.169998,132.169998,121.919357,69228100
2015-02-25,131.559998,131.600006,128.149994,128.789993,118.801491,74711700
2015-02-26,128.789993,130.869995,126.610001,130.419998,120.305084,91287500
2015-02-27,130.000000,130.570007,128.240005,128.460007,118.497116,62014800
2015-03-02,129.250000,130.279999,128.300003,129.089996,119.078239,48096700
2015-03-03,128.960007,129.520004,128.089996,129.360001,119.327293,37816300
2015-03-04,129.100006,129.559998,128.320007,128.539993,118.570885,31666300
2015-03-05,128.580002,128.750000,125.760002,126.410004,116.606094,56517100
2015-03-06,128.399994,129.369995,126.260002,126.599998,116.781349,72842100
2015-03-09,127.959999,129.570007,125.059998,127.139999,117.279457,88528500
2015-03-10,126.410004,127.220001,123.800003,124.510002,114.853432,68856600
2015-03-11,124.750000,124.769997,122.110001,122.239998,112.759514,68939000
2015-03-12,122.309998,124.900002,121.629997,124.449997,114.798103,48362700
2015-03-13,124.400002,125.400002,122.580002,123.589996,114.004791,51827300
2015-03-16,123.879997,124.949997,122.870003,124.949997,115.259315,35874300
2015-03-17,125.900002,127.320000,125.650002,127.040001,117.187233,51023100
2015-03-18,127.000000,129.160004,126.370003,128.470001,118.506310,65270900
2015-03-19,128.750000,129.250000,127.400002,127.500000,117.611565,45809500
2015-03-20,128.250000,128.399994,125.160004,125.900002,116.135651,68695100
2015-03-23,127.120003,127.849998,126.519997,127.209999,117.344032,37709700
2015-03-24,127.230003,128.039993,126.559998,126.690002,116.864365,32842300
2015-03-25,126.540001,126.820000,123.379997,123.379997,113.811096,51655200
2015-03-26,122.760002,124.879997,122.599998,124.239998,114.604393,47572900
2015-03-27,124.570000,124.699997,122.910004,123.250000,113.691170,39546200
2015-03-30,124.050003,126.400002,124.000000,126.370003,116.569206,47099700
2015-03-31,126.089996,126.489998,124.360001,124.430000,114.779648,42090600
2015-04-01,124.820000,125.120003,123.099998,124.250000,114.613602,40621400
2015-04-02,125.029999,125.559998,124.190002,125.320000,115.600616,32220100
2015-04-06,124.470001,127.510002,124.330002,127.349998,117.473190,37194000
2015-04-07,127.639999,128.119995,125.980003,126.010002,116.237122,35012300
2015-04-08,125.849998,126.400002,124.970001,125.599998,115.858910,37329200
2015-04-09,125.849998,126.580002,124.660004,126.559998,116.744446,32484000
2015-04-10,125.949997,127.209999,125.260002,127.099998,117.242592,40188000
2015-04-13,128.369995,128.570007,126.610001,126.849998,117.011948,36365100
2015-04-14,127.000000,127.290001,125.910004,126.300003,116.504623,25524600
2015-04-15,126.410004,127.129997,126.010002,126.779999,116.947380,28970400
2015-04-16,126.279999,127.099998,126.110001,126.169998,116.384705,28369000
2015-04-17,125.550003,126.139999,124.459999,124.750000,115.074821,51957000
2015-04-20,125.570000,128.119995,125.169998,127.599998,117.703796,47054300
2015-04-21,128.100006,128.199997,126.669998,126.910004,117.067322,32435100
2015-04-22,126.989998,128.869995,126.320000,128.619995,118.644707,37654500
2015-04-23,128.300003,130.419998,128.139999,129.669998,119.613266,45770900
2015-04-24,130.490005,130.630005,129.229996,130.279999,120.175949,44525900
2015-04-27,132.309998,133.130005,131.149994,132.649994,122.362091,96954200
2015-04-28,134.460007,134.539993,129.570007,130.559998,120.434235,118924000
2015-04-29,130.160004,131.589996,128.300003,128.639999,118.663147,63386100
2015-04-30,128.639999,128.639999,124.580002,125.150002,115.443810,83195400
2015-05-01,126.099998,130.130005,125.300003,128.949997,118.949089,58512600
2015-05-04,129.500000,130.570007,128.259995,128.699997,118.718491,50988300
2015-05-05,128.149994,128.449997,125.779999,125.800003,116.043396,49271400
2015-05-06,126.559998,126.750000,123.360001,125.010002,115.314674,72141000
2015-05-07,124.769997,126.080002,124.019997,125.260002,116.027908,43940900
2015-05-08,126.680000,127.620003,126.110001,127.620003,118.213974,55550400
2015-05-11,127.389999,127.559998,125.629997,126.320000,117.009789,42035800
2015-05-12,125.599998,126.879997,124.820000,125.870003,116.592957,48160000
2015-05-13,126.150002,127.190002,125.870003,126.010002,116.722656,34694200
2015-05-14,127.410004,128.949997,127.160004,128.949997,119.445946,45203500
2015-05-15,129.070007,129.490005,128.210007,128.770004,119.279213,38208000
2015-05-18,128.380005,130.720001,128.360001,130.190002,120.594551,50882900
2015-05-19,130.690002,130.880005,129.639999,130.070007,120.483398,44633200
2015-05-20,130.000000,130.979996,129.339996,130.059998,120.474144,36454900
2015-05-21,130.070007,131.630005,129.830002,131.389999,121.706139,39730400
2015-05-22,131.600006,132.970001,131.399994,132.539993,122.771370,45596000
2015-05-26,132.600006,132.910004,129.119995,129.619995,120.066551,70697600
2015-05-27,130.339996,132.259995,130.050003,132.039993,122.308205,45833200
2015-05-28,131.860001,131.949997,131.100006,131.779999,122.067375,30733300
2015-05-29,131.229996,131.449997,129.899994,130.279999,120.677933,50884500
2015-06-01,130.279999,131.389999,130.050003,130.539993,120.918762,32112800
2015-06-02,129.860001,130.660004,129.320007,129.960007,120.381523,33667600
2015-06-03,130.660004,130.940002,129.899994,130.119995,120.529716,30983500
2015-06-04,129.580002,130.580002,128.910004,129.360001,119.825737,38450100
2015-06-05,129.500000,129.690002,128.360001,128.649994,119.168053,35626800
2015-06-08,128.899994,129.210007,126.830002,127.800003,118.380714,52674800
2015-06-09,126.699997,128.080002,125.620003,127.419998,118.028717,56075400
2015-06-10,127.919998,129.339996,127.849998,128.880005,119.381111,39087300
2015-06-11,129.179993,130.179993,128.479996,128.589996,119.112488,35390900
2015-06-12,128.190002,128.330002,127.110001,127.169998,117.797150,36886200
2015-06-15,126.099998,127.239998,125.709999,126.919998,117.565575,43988900
2015-06-16,127.029999,127.849998,126.370003,127.599998,118.195457,31494100
2015-06-17,127.720001,127.879997,126.739998,127.300003,117.917557,32918100
2015-06-18,127.230003,128.309998,127.220001,127.879997,118.454803,35407200
2015-06-19,127.709999,127.820000,126.400002,126.599998,117.269157,54716900
2015-06-22,127.489998,128.059998,127.080002,127.610001,118.204712,34039300
2015-06-23,127.480003,127.610001,126.879997,127.029999,117.667465,30268900
2015-06-24,127.209999,129.800003,127.120003,128.110001,118.667870,55280900
2015-06-25,128.860001,129.199997,127.500000,127.500000,118.102837,31938100
2015-06-26,127.669998,127.989998,126.510002,126.750000,117.408104,44066800
2015-06-29,125.459999,126.470001,124.480003,124.529999,115.351707,49161400
2015-06-30,125.570000,126.120003,124.860001,125.430000,116.185387,44370700
2015-07-01,126.900002,126.940002,125.989998,126.599998,117.269157,30238800
2015-07-02,126.430000,126.690002,125.769997,126.440002,117.120941,27211000
2015-07-06,124.940002,126.230003,124.849998,126.000000,116.713364,28060400
2015-07-07,125.889999,126.150002,123.769997,125.690002,116.426216,46946800
2015-07-08,124.480003,124.639999,122.540001,122.570000,113.536186,60761600
2015-07-09,123.849998,124.059998,119.220001,120.070000,111.220444,78595000
2015-07-10,121.940002,123.849998,121.209999,123.279999,114.193848,61354500
2015-07-13,125.029999,125.760002,124.320000,125.660004,116.398453,41440500
2015-07-14,126.040001,126.370003,125.040001,125.610001,116.352112,31768100
2015-07-15,125.720001,127.150002,125.580002,126.820000,117.472946,33649200
2015-07-16,127.739998,128.570007,127.349998,128.509995,119.038376,36222400
2015-07-17,129.080002,129.619995,128.309998,129.619995,120.066551,46164700
2015-07-20,130.970001,132.970001,130.699997,132.070007,122.335999,58900200
2015-07-21,132.850006,132.919998,130.320007,130.750000,121.113289,76756400
2015-07-22,121.989998,125.500000,121.989998,125.220001,115.990868,115450600
2015-07-23,126.199997,127.089996,125.059998,125.160004,115.935295,50999500
2015-07-24,125.320000,125.739998,123.900002,124.500000,115.323929,42162300
2015-07-27,123.089996,123.610001,122.120003,122.769997,113.721443,44455500
2015-07-28,123.379997,123.910004,122.550003,123.379997,114.286491,33618100
2015-07-29,123.150002,123.500000,122.269997,122.989998,113.925224,37011700
2015-07-30,122.320000,122.570000,121.709999,122.370003,113.350945,33628300
2015-07-31,122.599998,122.639999,120.910004,121.300003,112.359787,42885000
2015-08-03,121.500000,122.570000,117.519997,118.440002,109.710579,69976000
2015-08-04,117.419998,117.699997,113.250000,114.639999,106.190651,124138600
2015-08-05,112.949997,117.440002,112.099998,115.400002,106.894630,99312600
2015-08-06,115.970001,116.500000,114.120003,115.129997,107.127243,52903000
2015-08-07,114.580002,116.250000,114.500000,115.519997,107.490135,38670400
2015-08-10,116.529999,119.989998,116.529999,119.720001,111.398201,54951600
2015-08-11,117.809998,118.180000,113.330002,113.489998,105.601257,97082800
2015-08-12,112.529999,115.419998,109.629997,115.239998,107.229599,101217500
2015-08-13,116.040001,116.400002,114.540001,115.150002,107.145874,48535800
2015-08-14,114.320000,116.309998,114.010002,115.959999,107.899559,42929500
2015-08-17,116.040001,117.650002,115.500000,117.160004,109.016144,40884700
2015-08-18,116.430000,117.440002,116.010002,116.500000,108.402016,34560700
2015-08-19,116.099998,116.519997,114.680000,115.010002,107.015587,48286500
2015-08-20,114.080002,114.349998,111.629997,112.650002,104.819656,68501600
2015-08-21,110.430000,111.900002,105.650002,105.760002,98.408554,128275500
2015-08-24,94.870003,108.800003,92.000000,103.120003,95.952095,162206300
2015-08-25,111.110001,111.110001,103.500000,103.739998,96.528969,103601600
2015-08-26,107.089996,109.889999,105.050003,109.690002,102.065392,96774600
2015-08-27,112.230003,113.239998,110.019997,112.919998,105.070885,84616100
2015-08-28,112.169998,113.309998,111.540001,113.290001,105.415154,53164400
2015-08-31,112.029999,114.529999,112.000000,112.760002,104.922005,56229300
2015-09-01,110.150002,111.879997,107.360001,107.720001,100.232323,76845900
2015-09-02,110.230003,112.339996,109.129997,112.339996,104.531181,61888800
2015-09-03,112.489998,112.779999,110.040001,110.370003,102.698120,53233900
2015-09-04,108.970001,110.449997,108.510002,109.269997,101.674576,49996300
2015-09-08,111.750000,112.559998,110.320000,112.309998,104.503265,54843600
2015-09-09,113.760002,114.019997,109.769997,110.150002,102.493416,85010800
2015-09-10,110.269997,113.279999,109.900002,112.570000,104.745216,62892800
2015-09-11,111.790001,114.209999,111.760002,114.209999,106.271194,49915500
2015-09-14,116.580002,116.889999,114.860001,115.309998,107.294724,58363400
2015-09-15,115.930000,116.529999,114.419998,116.279999,108.197311,43341200
2015-09-16,116.250000,116.540001,115.440002,116.410004,108.318291,37173500
2015-09-17,115.660004,116.489998,113.720001,113.919998,106.001350,64112600
2015-09-18,112.209999,114.300003,111.870003,113.449997,105.564041,74285300
2015-09-21,113.669998,115.370003,113.660004,115.209999,107.201698,50222000
2015-09-22,113.379997,114.180000,112.519997,113.400002,105.517509,50346200
2015-09-23,113.629997,114.720001,113.300003,114.320000,106.373558,35756700
2015-09-24,113.250000,115.500000,112.370003,115.000000,107.006294,50219500
2015-09-25,116.440002,116.690002,114.019997,114.709999,106.736458,56151900
2015-09-28,113.849998,114.570000,112.440002,112.440002,104.624237,52109000
2015-09-29,112.830002,113.510002,107.860001,109.059998,101.479179,73365400
2015-09-30,110.169998,111.540001,108.730003,110.300003,102.632996,66473000
2015-10-01,109.070000,109.620003,107.309998,109.580002,101.963036,63929100
2015-10-02,108.010002,111.010002,107.550003,110.379997,102.707428,58019800
2015-10-05,109.879997,111.370003,109.070000,110.779999,103.079636,52064700
2015-10-06,110.629997,111.739998,109.769997,111.309998,103.572777,48196800
2015-10-07,111.739998,111.769997,109.410004,110.779999,103.079636,46765600
2015-10-08,110.190002,110.190002,108.209999,109.500000,101.888588,61979600
2015-10-09,110.000000,112.279999,109.489998,112.120003,104.326485,52766100
2015-10-12,112.730003,112.750000,111.440002,111.599998,103.842636,30467200
2015-10-13,110.820000,112.449997,110.680000,111.790001,104.019409,33049300
2015-10-14,111.290001,111.519997,109.559998,110.209999,102.549255,44462400
2015-10-15,110.930000,112.099998,110.489998,111.860001,104.084564,37673500
2015-10-16,111.779999,112.000000,110.529999,111.040001,103.321564,39232600
2015-10-19,110.800003,111.750000,110.110001,111.730003,103.963593,29759200
2015-10-20,111.339996,114.169998,110.820000,113.769997,105.861801,48967800
2015-10-21,114.000000,115.580002,113.699997,113.760002,105.852493,41795200
2015-10-22,114.330002,115.500000,114.099998,115.500000,107.471558,41654100
2015-10-23,116.699997,119.230003,116.330002,119.080002,110.802673,59366900
2015-10-26,118.080002,118.129997,114.919998,115.279999,107.266830,66333800
2015-10-27,115.400002,116.540001,113.989998,114.550003,106.587563,69884400
2015-10-28,116.930000,119.300003,116.059998,119.269997,110.979469,85551400
2015-10-29,118.699997,120.690002,118.269997,120.529999,112.151901,51227300
2015-10-30,120.989998,121.220001,119.449997,119.500000,111.193504,49365300
2015-11-02,120.800003,121.360001,119.610001,121.180000,112.756714,32203300
2015-11-03,120.790001,123.489998,120.699997,122.570000,114.050095,45519000
2015-11-04,123.129997,123.820000,121.620003,122.000000,113.519714,44886100
2015-11-05,121.849998,122.690002,120.180000,120.919998,112.996407,39552700
2015-11-06,121.110001,121.809998,120.620003,121.059998,113.127228,33042300
2015-11-09,120.959999,121.809998,120.050003,120.570000,112.669365,33871400
2015-11-10,116.900002,118.070000,116.059998,116.769997,109.118340,59127900
2015-11-11,116.370003,117.419998,115.209999,116.110001,108.501602,45218000
2015-11-12,116.260002,116.820000,115.650002,115.720001,108.137138,32525600
2015-11-13,115.199997,115.570000,112.269997,112.339996,104.978630,45812400
2015-11-16,111.379997,114.239998,111.000000,114.180000,106.698074,38106700
2015-11-17,114.919998,115.050003,113.320000,113.690002,106.240173,27616900
2015-11-18,115.760002,117.489998,115.500000,117.290001,109.604263,46674700
2015-11-19,117.639999,119.750000,116.760002,118.779999,110.996635,43295800
2015-11-20,119.199997,119.919998,118.849998,119.300003,111.482559,34287100
2015-11-23,119.269997,119.730003,117.339996,117.750000,110.034142,32482500
2015-11-24,117.330002,119.349998,117.120003,118.879997,111.090088,42803200
2015-11-25,119.209999,119.230003,117.919998,118.029999,110.295761,21388300
2015-11-27,118.290001,118.410004,117.599998,117.809998,110.090210,13046400
2015-11-30,117.989998,119.410004,117.750000,118.300003,110.548103,39180300
2015-12-01,118.750000,118.809998,116.860001,117.339996,109.650993,34852400
2015-12-02,117.339996,118.110001,116.080002,116.279999,108.660454,33386600
2015-12-03,116.550003,116.790001,114.220001,115.199997,107.651230,41569500
2015-12-04,115.290001,119.250000,115.110001,119.029999,111.230263,57777000
2015-12-07,118.980003,119.860001,117.809998,118.279999,110.529411,32084200
2015-12-08,117.519997,118.599998,116.860001,118.230003,110.482658,34309500
2015-12-09,117.639999,117.690002,115.080002,115.620003,108.043701,46361400
2015-12-10,116.040001,116.940002,115.510002,116.169998,108.557663,29212700
2015-12-11,115.190002,115.389999,112.849998,113.180000,105.763588,46886200
2015-12-14,112.180000,112.680000,109.790001,112.480003,105.109451,64318700
2015-12-15,111.940002,112.800003,110.349998,110.489998,103.249870,53323100
2015-12-16,111.070000,111.989998,108.800003,111.339996,104.044151,56238500
2015-12-17,112.019997,112.250000,108.980003,108.980003,101.838814,44772800
2015-12-18,108.910004,109.519997,105.809998,106.029999,99.082115,96453300
2015-12-21,107.279999,107.370003,105.570000,107.330002,100.296921,47590600
2015-12-22,107.400002,107.720001,106.449997,107.230003,100.203491,32789400
2015-12-23,107.269997,108.849998,107.199997,108.610001,101.493050,32657400
2015-12-24,109.000000,109.000000,107.949997,108.029999,100.951057,13570400
2015-12-28,107.589996,107.690002,106.180000,106.820000,99.820358,26704200
2015-12-29,106.959999,109.430000,106.860001,108.739998,101.614525,30931200
2015-12-30,108.580002,108.699997,107.180000,107.320000,100.287575,25213800
2015-12-31,107.010002,107.029999,104.820000,105.260002,98.362572,40912300
2016-01-04,102.610001,105.370003,102.000000,105.349998,98.446655,67649400
2016-01-05,105.750000,105.849998,102.410004,102.709999,95.979675,55791000
2016-01-06,100.559998,102.370003,99.870003,100.699997,94.101387,68457400
2016-01-07,98.680000,100.129997,96.430000,96.449997,90.129868,81094400
2016-01-08,98.550003,99.110001,96.760002,96.959999,90.606438,70798000
2016-01-11,98.970001,99.059998,97.339996,98.529999,92.073563,49739400
2016-01-12,100.550003,100.690002,98.839996,99.959999,93.409874,49154200
2016-01-13,100.320000,101.190002,97.300003,97.389999,91.008270,62439600
2016-01-14,97.959999,100.480003,95.739998,99.519997,92.998695,63170100
2016-01-15,96.199997,97.709999,95.360001,97.129997,90.765305,79833900
2016-01-19,98.410004,98.650002,95.500000,96.660004,90.326103,53087700
2016-01-20,95.099998,98.190002,93.419998,96.790001,90.447578,72334400
2016-01-21,97.059998,97.879997,94.940002,96.300003,89.989700,52161500
2016-01-22,98.629997,101.459999,98.370003,101.419998,94.774200,65800500
2016-01-25,101.519997,101.529999,99.209999,99.440002,92.923958,51794500
2016-01-26,99.930000,100.879997,98.070000,99.989998,93.437889,75077000
2016-01-27,96.040001,96.629997,93.339996,93.419998,87.298416,133369700
2016-01-28,93.790001,94.519997,92.389999,94.089996,87.924500,55678800
2016-01-29,94.790001,97.339996,94.349998,97.339996,90.961533,64416500
2016-02-01,96.470001,96.709999,95.400002,96.430000,90.111168,40943500
2016-02-02,95.419998,96.040001,94.279999,94.480003,88.288963,37357200
2016-02-03,95.000000,96.839996,94.080002,96.349998,90.036423,45964300
2016-02-04,95.860001,97.330002,95.190002,96.599998,90.759865,46471700
2016-02-05,96.519997,96.919998,93.690002,94.019997,88.335838,46418100
2016-02-08,93.129997,95.699997,93.040001,95.010002,89.266014,54021400
2016-02-09,94.290001,95.940002,93.930000,94.989998,89.247223,44331200
2016-02-10,95.919998,96.349998,94.099998,94.269997,88.570732,42343600
2016-02-11,93.790001,94.720001,92.589996,93.699997,88.035179,50074700
2016-02-12,94.190002,94.500000,93.010002,93.989998,88.307655,40351400
2016-02-16,95.019997,96.849998,94.610001,96.639999,90.797440,49057900
2016-02-17,96.669998,98.209999,96.150002,98.120003,92.187965,44863200
2016-02-18,98.839996,98.889999,96.089996,96.260002,90.440430,39021000
2016-02-19,96.000000,96.760002,95.800003,96.040001,90.233719,35374200
2016-02-22,96.309998,96.900002,95.919998,96.879997,91.022934,34280800
2016-02-23,96.400002,96.500000,94.550003,94.690002,88.965324,31942600
2016-02-24,93.980003,96.379997,93.320000,96.099998,90.290085,36255700
2016-02-25,96.050003,96.760002,95.250000,96.760002,90.910202,27582700
2016-02-26,97.199997,98.019997,96.580002,96.910004,91.051132,28991100
2016-02-29,96.860001,98.230003,96.650002,96.690002,90.844444,35216300
2016-03-01,97.650002,100.769997,97.419998,100.529999,94.452271,50407100
2016-03-02,100.510002,100.889999,99.639999,100.750000,94.658974,33169600
2016-03-03,100.580002,101.709999,100.449997,101.500000,95.363640,36955700
2016-03-04,102.370003,103.750000,101.370003,103.010002,96.782341,46055100
2016-03-07,102.389999,102.830002,100.959999,101.870003,95.711258,35828900
2016-03-08,100.779999,101.760002,100.400002,101.029999,94.922050,31561900
2016-03-09,101.309998,101.580002,100.269997,101.120003,95.006615,27201700
2016-03-10,101.410004,102.239998,100.150002,101.169998,95.053589,33513600
2016-03-11,102.239998,102.279999,101.500000,102.260002,96.077667,27408200
2016-03-14,101.910004,102.910004,101.779999,102.519997,96.321960,25076100
2016-03-15,103.959999,105.180000,103.849998,104.580002,98.257431,40067700
2016-03-16,104.610001,106.309998,104.589996,105.970001,99.563393,38303500
2016-03-17,105.519997,106.470001,104.959999,105.800003,99.403671,34420700
2016-03-18,106.339996,106.500000,105.190002,105.919998,99.516403,44205200
2016-03-21,105.930000,107.650002,105.139999,105.910004,99.507019,35502700
2016-03-22,105.250000,107.290001,105.209999,106.720001,100.268051,32444400
2016-03-23,106.480003,107.070000,105.900002,106.129997,99.713692,25703500
2016-03-24,105.470001,106.250000,104.889999,105.669998,99.281532,26133000
2016-03-28,106.000000,106.190002,105.059998,105.190002,98.830544,19411400
2016-03-29,104.889999,107.790001,104.879997,107.680000,101.170006,31190100
2016-03-30,108.650002,110.419998,108.599998,109.559998,102.936356,45601100
2016-03-31,109.720001,109.900002,108.879997,108.989998,102.400795,25888400
2016-04-01,108.779999,110.000000,108.199997,109.989998,103.340347,25874000
2016-04-04,110.419998,112.190002,110.269997,111.120003,104.402031,37356200
2016-04-05,109.510002,110.730003,109.419998,109.809998,103.171249,26578700
2016-04-06,110.230003,110.980003,109.199997,110.959999,104.251701,26404100
2016-04-07,109.949997,110.419998,108.120003,108.540001,101.978004,31801900
2016-04-08,108.910004,109.769997,108.169998,108.660004,102.090752,23581700
2016-04-11,108.970001,110.610001,108.830002,109.019997,102.428986,29407500
2016-04-12,109.339996,110.500000,108.660004,110.440002,103.763138,27232300
2016-04-13,110.800003,112.339996,110.800003,112.040001,105.266418,33257300
2016-04-14,111.620003,112.389999,111.330002,112.099998,105.322792,25473900
2016-04-15,112.110001,112.300003,109.730003,109.849998,103.208817,46939000
2016-04-18,108.889999,108.949997,106.940002,107.480003,100.982109,60821500
2016-04-19,107.879997,108.000000,106.230003,106.910004,100.446556,32384900
2016-04-20,106.639999,108.089996,106.059998,107.129997,100.653252,30611000
2016-04-21,106.930000,106.930000,105.519997,105.970001,99.563393,31552500
2016-04-22,105.010002,106.480003,104.620003,105.680000,99.290916,33683100
2016-04-25,105.000000,105.650002,104.510002,105.080002,98.727196,28031600
2016-04-26,103.910004,105.300003,103.910004,104.349998,98.041336,56016200
2016-04-27,96.000000,98.709999,95.680000,97.820000,91.906113,114602100
2016-04-28,97.610001,97.879997,94.250000,94.830002,89.096878,82242700
2016-04-29,93.989998,94.720001,92.510002,93.739998,88.072762,68531500
2016-05-02,93.970001,94.080002,92.400002,93.639999,87.978806,48160100
2016-05-03,94.199997,95.739998,93.680000,95.180000,89.425705,56831300
2016-05-04,95.199997,95.900002,93.820000,94.190002,88.495567,41025500
2016-05-05,94.000000,94.070000,92.680000,93.239998,88.136368,35890500
2016-05-06,93.370003,93.449997,91.849998,92.720001,87.644852,43699900
2016-05-09,93.000000,93.769997,92.589996,92.790001,87.711006,32936400
2016-05-10,93.330002,93.570000,92.110001,93.419998,88.306511,33686800
2016-05-11,93.480003,93.570000,92.459999,92.510002,87.446327,28719100
2016-05-12,92.720001,92.779999,89.470001,90.339996,85.395096,76314700
2016-05-13,90.000000,91.669998,90.000000,90.519997,85.565239,44392800
2016-05-16,92.389999,94.389999,91.650002,93.879997,88.741341,61259800
2016-05-17,94.550003,94.699997,93.010002,93.489998,88.372688,46916900
2016-05-18,94.160004,95.209999,93.889999,94.559998,89.384109,42062400
2016-05-19,94.639999,94.639999,93.570000,94.199997,89.043816,30442100
2016-05-20,94.639999,95.430000,94.519997,95.220001,90.007996,32026000
2016-05-23,95.870003,97.190002,95.669998,96.430000,91.151764,38018600
2016-05-24,97.220001,98.089996,96.839996,97.900002,92.541298,35140200
2016-05-25,98.669998,99.739998,98.110001,99.620003,94.167145,38168800
2016-05-26,99.680000,100.730003,98.639999,100.410004,94.913910,56331200
2016-05-27,99.440002,100.470001,99.250000,100.349998,94.857185,36341200
2016-05-31,99.599998,100.400002,98.820000,99.860001,94.394020,42307200
2016-06-01,99.019997,99.540001,98.330002,98.459999,93.070633,29173300
2016-06-02,97.599998,97.839996,96.629997,97.720001,92.371155,40191600
2016-06-03,97.790001,98.269997,97.449997,97.919998,92.560196,28504900
2016-06-06,97.989998,101.889999,97.550003,98.629997,93.231331,23292500
2016-06-07,99.250000,99.870003,98.959999,99.029999,93.609444,22409500
2016-06-08,99.019997,99.559998,98.680000,98.940002,93.524368,20848100
2016-06-09,98.500000,99.989998,98.459999,99.650002,94.195511,26601400
2016-06-10,98.529999,99.349998,98.480003,98.830002,93.420403,31712900
2016-06-13,98.690002,99.120003,97.099998,97.339996,92.011940,38020500
2016-06-14,97.320000,98.480003,96.750000,97.459999,92.125389,31931900
2016-06-15,97.820000,98.410004,97.029999,97.139999,91.822899,29445200
2016-06-16,96.449997,97.750000,96.070000,97.550003,92.210464,31326800
2016-06-17,96.620003,96.650002,95.300003,95.330002,90.111977,61008200
2016-06-20,96.000000,96.570000,95.029999,95.099998,89.894562,34411900
2016-06-21,94.940002,96.349998,94.680000,95.910004,90.660217,35546400
2016-06-22,96.250000,96.889999,95.349998,95.550003,90.319923,29219100
2016-06-23,95.940002,96.290001,95.250000,96.099998,90.839828,32240200
2016-06-24,92.910004,94.660004,92.650002,93.400002,88.287621,75311400
2016-06-27,93.000000,93.050003,91.500000,92.040001,87.002052,45489600
2016-06-28,92.900002,93.660004,92.139999,93.589996,88.467209,40444900
2016-06-29,93.970001,94.550003,93.629997,94.400002,89.232864,36531000
2016-06-30,94.440002,95.769997,94.300003,95.599998,90.367195,35836400
2016-07-01,95.489998,96.470001,95.330002,95.889999,90.641319,26026500
2016-07-05,95.389999,95.400002,94.459999,94.989998,89.790573,27705200
2016-07-06,94.599998,95.660004,94.370003,95.529999,90.301018,30949100
2016-07-07,95.699997,96.500000,95.620003,95.940002,90.688583,25139600
2016-07-08,96.489998,96.889999,96.050003,96.680000,91.388084,28912100
2016-07-11,96.750000,97.650002,96.730003,96.980003,91.671654,23794900
2016-07-12,97.169998,97.699997,97.120003,97.419998,92.087578,24167500
2016-07-13,97.410004,97.669998,96.839996,96.870003,91.567680,25892200
2016-07-14,97.389999,98.989998,97.320000,98.790001,93.382576,38919000
2016-07-15,98.919998,99.300003,98.500000,98.779999,93.373138,30137000
2016-07-18,98.699997,100.129997,98.599998,99.830002,94.365654,36493900
2016-07-19,99.559998,100.000000,99.339996,99.870003,94.403473,23779900
2016-07-20,100.000000,100.459999,99.739998,99.959999,94.488556,26276000
2016-07-21,99.830002,101.000000,99.129997,99.430000,93.987556,32702000
2016-07-22,99.260002,99.300003,98.309998,98.660004,93.259705,28313700
2016-07-25,98.250000,98.839996,96.919998,97.339996,92.011940,40382900
2016-07-26,96.820000,97.970001,96.419998,96.669998,91.378624,56239800
2016-07-27,104.269997,104.349998,102.750000,102.949997,97.314865,92344800
2016-07-28,102.830002,104.449997,102.820000,104.339996,98.628769,39869800
2016-07-29,104.190002,104.550003,103.680000,104.209999,98.505920,27733700
2016-08-01,104.410004,106.150002,104.410004,106.050003,100.245193,38167900
2016-08-02,106.050003,106.070000,104.000000,104.480003,98.761139,33816600
2016-08-03,104.809998,105.839996,104.769997,105.790001,99.999428,30202600
2016-08-04,105.580002,106.000000,105.279999,105.870003,100.617188,27408700
2016-08-05,106.269997,107.650002,106.180000,107.480003,102.147301,40553400
2016-08-08,107.519997,108.370003,107.160004,108.370003,102.993134,28037200
2016-08-09,108.230003,108.940002,108.010002,108.809998,103.411293,26315200
2016-08-10,108.709999,108.900002,107.760002,108.000000,102.641495,24008500
2016-08-11,108.519997,108.930000,107.849998,107.930000,102.574959,27484500
2016-08-12,107.779999,108.440002,107.779999,108.180000,102.812553,18660400
2016-08-15,108.139999,109.540001,108.080002,109.480003,104.048073,25868200
2016-08-16,109.629997,110.230003,109.209999,109.379997,103.953026,33794400
2016-08-17,109.099998,109.370003,108.339996,109.220001,103.800949,25356000
2016-08-18,109.230003,109.599998,109.019997,109.080002,103.667908,21984700
2016-08-19,108.769997,109.690002,108.360001,109.360001,103.934013,25368100
2016-08-22,108.860001,109.099998,107.849998,108.510002,103.126198,25820200
2016-08-23,108.589996,109.320000,108.529999,108.849998,103.449318,21257700
2016-08-24,108.570000,108.750000,107.680000,108.029999,102.670006,23675100
2016-08-25,107.389999,107.879997,106.680000,107.570000,102.232841,25086200
2016-08-26,107.410004,107.949997,106.309998,106.940002,101.634079,27766300
2016-08-29,106.620003,107.440002,106.290001,106.820000,101.520035,24970300
2016-08-30,105.800003,106.500000,105.500000,106.000000,100.740738,24863900
2016-08-31,105.660004,106.570000,105.639999,106.099998,100.835762,29662400
2016-09-01,106.139999,106.800003,105.620003,106.730003,101.434509,26701500
2016-09-02,107.699997,108.000000,106.820000,107.730003,102.384895,26802500
2016-09-06,107.900002,108.300003,107.510002,107.699997,102.356369,26880400
2016-09-07,107.830002,108.760002,107.070000,108.360001,102.983627,42364300
2016-09-08,107.250000,107.269997,105.239998,105.519997,100.284531,53002000
2016-09-09,104.639999,105.720001,103.129997,103.129997,98.013115,46557000
2016-09-12,102.650002,105.720001,102.529999,105.440002,100.208519,45292800
2016-09-13,107.510002,108.790001,107.239998,107.949997,102.593964,62176200
2016-09-14,108.730003,113.029999,108.599998,111.769997,106.224449,110888700
2016-09-15,113.860001,115.730003,113.489998,115.570000,109.835899,89983600
2016-09-16,115.120003,116.129997,114.040001,114.919998,109.218155,79886900
2016-09-19,115.190002,116.180000,113.250000,113.580002,107.944641,47023000
2016-09-20,113.050003,114.120003,112.510002,113.570000,107.935127,34514300
2016-09-21,113.849998,113.989998,112.440002,113.550003,107.916115,36003200
2016-09-22,114.349998,114.940002,114.000000,114.620003,108.933044,31074000
2016-09-23,114.419998,114.790001,111.550003,112.709999,107.117805,52481200
2016-09-26,111.639999,113.389999,111.550003,112.879997,107.279366,29869400
2016-09-27,113.000000,113.180000,112.339996,113.089996,107.478943,24607400
2016-09-28,113.690002,114.639999,113.430000,113.949997,108.296280,29641100
2016-09-29,113.160004,113.800003,111.800003,112.180000,106.614113,35887000
2016-09-30,112.459999,113.370003,111.800003,113.050003,107.440933,36379100
2016-10-03,112.709999,113.050003,112.279999,112.519997,106.937210,21701800
2016-10-04,113.059998,114.309998,112.629997,113.000000,107.393410,29736800
2016-10-05,113.400002,113.660004,112.690002,113.050003,107.440933,21453100
2016-10-06,113.699997,114.339996,113.129997,113.889999,108.239250,28779300
2016-10-07,114.309998,114.559998,113.510002,114.059998,108.400818,24358400
2016-10-10,115.019997,116.750000,114.720001,116.050003,110.292084,36236000
2016-10-11,117.699997,118.690002,116.199997,116.300003,110.529694,64041000
2016-10-12,117.349998,117.980003,116.750000,117.339996,111.518074,37586800
2016-10-13,116.790001,117.440002,115.720001,116.980003,111.175941,35192400
2016-10-14,117.879997,118.169998,117.129997,117.629997,111.793686,35652200
2016-10-17,117.330002,117.839996,116.779999,117.550003,111.717659,23624900
2016-10-18,118.180000,118.209999,117.449997,117.470001,111.641632,24553500
2016-10-19,117.250000,117.760002,113.800003,117.120003,111.309006,20034600
2016-10-20,116.860001,117.379997,116.330002,117.059998,111.251968,24125800
2016-10-21,116.809998,116.910004,116.279999,116.599998,110.814804,23192700
2016-10-24,117.099998,117.739998,117.000000,117.650002,111.812714,23538700
2016-10-25,117.949997,118.360001,117.309998,118.250000,112.382919,48129000
2016-10-26,114.309998,115.699997,113.309998,115.589996,109.854904,66134200
2016-10-27,115.389999,115.860001,114.099998,114.480003,108.799980,34562000
2016-10-28,113.870003,115.209999,113.449997,113.720001,108.077698,37861700
2016-10-31,113.650002,114.230003,113.199997,113.540001,107.906609,26419400
2016-11-01,113.459999,113.769997,110.529999,111.489998,105.958328,43825800
2016-11-02,111.400002,112.349998,111.230003,111.589996,106.053360,28331700
2016-11-03,110.980003,111.459999,109.550003,109.830002,104.916626,26932600
2016-11-04,108.529999,110.250000,108.110001,108.839996,103.970886,30837000
2016-11-07,110.080002,110.510002,109.459999,110.410004,105.470665,32560000
2016-11-08,110.309998,111.720001,109.699997,111.059998,106.091583,24254200
2016-11-09,109.879997,111.320000,108.050003,110.879997,105.919640,59176400
2016-11-10,111.089996,111.089996,105.830002,107.790001,102.967880,57134500
2016-11-11,107.120003,108.870003,106.550003,108.430000,103.579254,34143900
2016-11-14,107.709999,107.809998,104.080002,105.709999,100.980919,51175500
2016-11-15,106.570000,107.680000,106.160004,107.110001,102.318291,32264500
2016-11-16,106.699997,110.230003,106.599998,109.989998,105.069450,58840500
2016-11-17,109.809998,110.349998,108.830002,109.949997,105.031227,27632000
2016-11-18,109.720001,110.540001,109.660004,110.059998,105.136322,28428900
2016-11-21,110.120003,111.989998,110.010002,111.730003,106.731606,29264600
2016-11-22,111.949997,112.419998,111.400002,111.800003,106.798477,25965500
2016-11-23,111.360001,111.510002,110.330002,111.230003,106.253975,27426400
2016-11-25,111.129997,111.870003,110.949997,111.790001,106.788933,11475900
2016-11-28,111.430000,112.470001,111.389999,111.570000,106.578766,27194000
2016-11-29,110.779999,112.029999,110.070000,111.459999,106.473701,28528800
2016-11-30,111.599998,112.199997,110.269997,110.519997,105.575737,36162300
2016-12-01,110.370003,110.940002,109.029999,109.489998,104.591812,37086900
2016-12-02,109.169998,110.089996,108.849998,109.900002,104.983475,26528000
2016-12-05,110.000000,110.029999,108.250000,109.110001,104.228821,34324500
2016-12-06,109.500000,110.360001,109.190002,109.949997,105.031227,26195500
2016-12-07,109.260002,111.190002,109.160004,111.029999,106.062927,29998700
2016-12-08,110.860001,112.430000,110.599998,112.120003,107.104172,27068300
2016-12-09,112.309998,114.699997,112.309998,113.949997,108.852295,34402600
2016-12-12,113.290001,115.000000,112.489998,113.300003,108.231384,26374400
2016-12-13,113.839996,115.919998,113.750000,115.190002,110.036827,43733800
2016-12-14,115.040001,116.199997,114.980003,115.190002,110.036827,34031800
2016-12-15,115.379997,116.730003,115.230003,115.820000,110.638626,46524500
2016-12-16,116.470001,116.500000,115.650002,115.970001,110.781929,44351100
2016-12-19,115.800003,117.379997,115.750000,116.639999,111.421944,27779400
2016-12-20,116.739998,117.500000,116.680000,116.949997,111.718086,21425000
2016-12-21,116.800003,117.400002,116.779999,117.059998,111.823174,23783200
2016-12-22,116.349998,116.510002,115.639999,116.290001,111.087608,26085900
2016-12-23,115.589996,116.519997,115.589996,116.519997,111.307320,14249500
2016-12-27,116.519997,117.800003,116.489998,117.260002,112.014214,18296900
2016-12-28,117.519997,118.019997,116.199997,116.760002,111.536598,20905900
2016-12-29,116.449997,117.110001,116.400002,116.730003,111.507927,15039500
2016-12-30,116.650002,117.199997,115.430000,115.820000,110.638626,30586300
2017-01-03,115.800003,116.330002,114.760002,116.150002,110.953873,28781900
2017-01-04,115.849998,116.510002,115.750000,116.019997,110.829704,21118100
2017-01-05,115.919998,116.860001,115.809998,116.610001,111.393303,22193600
2017-01-06,116.779999,118.160004,116.470001,117.910004,112.635139,31751900
2017-01-09,117.949997,119.430000,117.940002,118.989998,113.666824,33561900
2017-01-10,118.769997,119.379997,118.300003,119.110001,113.781464,24462100
2017-01-11,118.739998,119.930000,118.599998,119.750000,114.392822,27588600
2017-01-12,118.900002,119.300003,118.209999,119.250000,113.915184,27086200
2017-01-13,119.110001,119.620003,118.809998,119.040001,113.714584,26111900
2017-01-17,118.339996,120.239998,118.220001,120.000000,114.631653,34439800
2017-01-18,120.000000,120.500000,119.709999,119.989998,114.622086,23713000
2017-01-19,119.400002,120.089996,119.370003,119.779999,114.421486,25597300
2017-01-20,120.449997,120.449997,119.730003,120.000000,114.631653,32597900
2017-01-23,120.000000,120.809998,119.769997,120.080002,114.708061,22050200
2017-01-24,119.550003,120.099998,119.500000,119.970001,114.602982,23211000
2017-01-25,120.419998,122.099998,120.279999,121.879997,116.427536,32377600
2017-01-26,121.669998,122.440002,121.599998,121.940002,116.484856,26337600
2017-01-27,122.139999,122.349998,121.599998,121.949997,116.494415,20562900
2017-01-30,120.930000,121.629997,120.660004,121.629997,116.188705,30377500
2017-01-31,121.150002,121.389999,120.620003,121.349998,115.921227,49201000
2017-02-01,127.029999,130.490005,127.010002,128.750000,122.990189,111985000
2017-02-02,127.980003,129.389999,127.779999,128.529999,122.780045,33710400
2017-02-03,128.309998,129.190002,128.160004,129.080002,123.305435,24507300
2017-02-06,129.130005,130.500000,128.899994,130.289993,124.461311,26845900
2017-02-07,130.539993,132.089996,130.449997,131.529999,125.645805,38183800
2017-02-08,131.350006,132.220001,131.220001,132.039993,126.133018,23004100
2017-02-09,131.649994,132.449997,131.119995,132.419998,127.044449,28349900
2017-02-10,132.460007,132.940002,132.050003,132.119995,126.756615,20065500
2017-02-13,133.080002,133.820007,132.750000,133.289993,127.879105,23035400
2017-02-14,133.470001,135.089996,133.250000,135.020004,129.538910,33226200
2017-02-15,135.520004,136.270004,134.619995,135.509995,130.009018,35623100
2017-02-16,135.669998,135.899994,134.839996,135.350006,129.855499,22584600
2017-02-17,135.100006,135.830002,135.100006,135.720001,130.210526,22198200
2017-02-21,136.229996,136.750000,135.979996,136.699997,131.150726,24507200
2017-02-22,136.429993,137.119995,136.110001,137.110001,131.544052,20836900
2017-02-23,137.380005,137.479996,136.300003,136.529999,130.987610,20788200
2017-02-24,135.910004,136.660004,135.279999,136.660004,131.112350,21776600
2017-02-27,137.139999,137.440002,136.279999,136.929993,131.371368,20257400
2017-02-28,137.080002,137.440002,136.699997,136.990005,131.428955,23482900
2017-03-01,137.889999,140.149994,137.600006,139.789993,134.115280,36414600
2017-03-02,140.000000,140.279999,138.759995,138.960007,133.318939,26211000
2017-03-03,138.779999,139.830002,138.589996,139.779999,134.105652,21108100
2017-03-06,139.369995,139.770004,138.600006,139.339996,133.683517,21750000
2017-03-07,139.059998,139.979996,138.789993,139.520004,133.856232,17446300
2017-03-08,138.949997,139.800003,138.820007,139.000000,133.357315,18707200
2017-03-09,138.740005,138.789993,137.050003,138.679993,133.050323,22155900
2017-03-10,139.250000,139.360001,138.639999,139.139999,133.491669,19612800
2017-03-13,138.850006,139.429993,138.820007,139.199997,133.549194,17421700
2017-03-14,139.300003,139.649994,138.839996,138.990005,133.347763,15309100
2017-03-15,139.410004,140.750000,139.029999,140.460007,134.758087,25691800
2017-03-16,140.720001,141.020004,140.259995,140.690002,134.978714,19232000
2017-03-17,141.000000,141.000000,139.889999,139.990005,134.307159,43885000
2017-03-20,140.399994,141.500000,140.229996,141.460007,135.717484,21542000
2017-03-21,142.110001,142.800003,139.729996,139.839996,134.163223,39529900
2017-03-22,139.850006,141.600006,139.759995,141.419998,135.679092,25860200
2017-03-23,141.259995,141.580002,140.610001,140.919998,135.199371,20346300
2017-03-24,141.500000,141.740005,140.350006,140.639999,134.930756,22395600
2017-03-27,139.389999,141.220001,138.619995,140.880005,135.161026,23575100
2017-03-28,140.910004,144.039993,140.619995,143.800003,137.962479,33374800
2017-03-29,143.679993,144.490005,143.190002,144.119995,138.269485,29190000
2017-03-30,144.190002,144.500000,143.500000,143.929993,138.087189,21207300
2017-03-31,143.720001,144.270004,143.009995,143.660004,137.828171,19661700
2017-04-03,143.710007,144.119995,143.050003,143.699997,137.866547,19985700
2017-04-04,143.250000,144.889999,143.169998,144.770004,138.893127,19891400
2017-04-05,144.220001,145.460007,143.809998,144.020004,138.173553,27717900
2017-04-06,144.289993,144.520004,143.449997,143.660004,137.828171,21149000
2017-04-07,143.729996,144.179993,143.270004,143.339996,137.521149,16672200
2017-04-10,143.600006,143.880005,142.899994,143.169998,137.358063,18933400
2017-04-11,142.940002,143.350006,140.059998,141.630005,135.880585,30379400
2017-04-12,141.600006,142.149994,141.009995,141.800003,136.043655,20350000
2017-04-13,141.910004,142.380005,141.050003,141.050003,135.324158,17822900
2017-04-17,141.479996,141.880005,140.869995,141.830002,136.072449,16582100
2017-04-18,141.410004,142.039993,141.110001,141.199997,135.468033,14697500
2017-04-19,141.880005,142.000000,140.449997,140.679993,134.969116,17328400
2017-04-20,141.220001,142.919998,141.160004,142.440002,136.657715,23319600
2017-04-21,142.440002,142.679993,141.850006,142.270004,136.494598,17320900
2017-04-24,143.500000,143.949997,143.179993,143.639999,137.809006,17134300
2017-04-25,143.910004,144.899994,143.869995,144.529999,138.662857,18871500
2017-04-26,144.470001,144.600006,143.380005,143.679993,137.847351,20041200
2017-04-27,143.919998,144.160004,143.309998,143.789993,137.952866,14246300
2017-04-28,144.089996,144.300003,143.270004,143.649994,137.818558,20860400
2017-05-01,145.100006,147.199997,144.960007,146.580002,140.629639,33602900
2017-05-02,147.539993,148.089996,146.839996,147.509995,141.521896,45352200
2017-05-03,145.589996,147.490005,144.270004,147.059998,141.090149,45697000
2017-05-04,146.520004,147.139999,145.809998,146.529999,140.581650,23371900
2017-05-05,146.759995,148.979996,146.759995,148.960007,142.913010,27327700
2017-05-08,149.029999,153.699997,149.029999,153.009995,146.798615,48752400
2017-05-09,153.869995,154.880005,153.449997,153.990005,147.738800,39130400
2017-05-10,153.630005,153.940002,152.110001,153.259995,147.038467,25805700
2017-05-11,152.449997,154.070007,152.309998,153.949997,148.310089,27255100
2017-05-12,154.699997,156.419998,154.669998,156.100006,150.381317,32527000
2017-05-15,156.009995,156.649994,155.050003,155.699997,149.995987,26009700
2017-05-16,155.940002,156.059998,154.720001,155.470001,149.774414,20048500
2017-05-17,153.600006,154.570007,149.710007,150.250000,144.745636,50767700
2017-05-18,151.270004,153.339996,151.130005,152.539993,146.951736,33568200
2017-05-19,153.380005,153.979996,152.630005,153.059998,147.452682,26960800
2017-05-22,154.000000,154.580002,152.910004,153.990005,148.348648,22966400
2017-05-23,154.899994,154.899994,153.309998,153.800003,148.165573,19918900
2017-05-24,153.839996,154.169998,152.669998,153.339996,147.722443,19178000
2017-05-25,153.729996,154.350006,153.029999,153.869995,148.232986,19235600
2017-05-26,154.000000,154.240005,153.309998,153.610001,147.982559,21927600
2017-05-30,153.419998,154.429993,153.330002,153.669998,148.040359,20126900
2017-05-31,153.970001,154.169998,152.380005,152.759995,147.163681,24451200
2017-06-01,153.169998,153.330002,152.220001,153.179993,147.568298,16404100
2017-06-02,153.580002,155.449997,152.889999,155.449997,149.755157,27770700
2017-06-05,154.339996,154.449997,153.460007,153.929993,148.290817,25331700
2017-06-06,153.899994,155.809998,153.779999,154.449997,148.791779,26624900
2017-06-07,155.020004,155.979996,154.479996,155.369995,149.678070,21069600
2017-06-08,155.250000,155.539993,154.399994,154.990005,149.311996,21250800
2017-06-09,155.190002,155.190002,146.020004,148.979996,143.522141,64882700
2017-06-12,145.740005,146.089996,142.509995,145.419998,140.092590,72307300
2017-06-13,147.160004,147.449997,145.149994,146.589996,141.219742,34165400
2017-06-14,147.500000,147.500000,143.839996,145.160004,139.842133,31531200
2017-06-15,143.320007,144.479996,142.210007,144.289993,139.003952,32165400
2017-06-16,143.779999,144.500000,142.199997,142.270004,137.057983,50361100
2017-06-19,143.660004,146.740005,143.660004,146.339996,140.978882,32541400
2017-06-20,146.869995,146.869995,144.940002,145.009995,139.697601,24900100
2017-06-21,145.520004,146.070007,144.610001,145.869995,140.526093,21265800
2017-06-22,145.770004,146.699997,145.119995,145.630005,140.294922,19106300
2017-06-23,145.130005,147.160004,145.110001,146.279999,140.921082,35439400
2017-06-26,147.169998,148.279999,145.380005,145.820007,140.477951,25692400
2017-06-27,145.009995,146.160004,143.619995,143.729996,138.464493,24761900
2017-06-28,144.490005,146.110001,143.160004,145.830002,140.487579,22082400
2017-06-29,144.710007,145.130005,142.279999,143.679993,138.416321,31499400
2017-06-30,144.449997,144.960007,143.779999,144.020004,138.743896,23024100
2017-07-03,144.880005,145.300003,143.100006,143.500000,138.242905,14277800
2017-07-05,143.690002,144.789993,142.720001,144.089996,138.811310,21569600
2017-07-06,143.020004,143.500000,142.410004,142.729996,137.501144,24128800
2017-07-07,142.899994,144.750000,142.899994,144.179993,138.898010,19201700
2017-07-10,144.110001,145.949997,143.369995,145.059998,139.745758,21090600
2017-07-11,144.729996,145.850006,144.380005,145.529999,140.198547,19781800
2017-07-12,145.869995,146.179993,144.820007,145.740005,140.400864,24884500
2017-07-13,145.500000,148.490005,145.440002,147.770004,142.356522,25199400
2017-07-14,147.970001,149.330002,147.330002,149.039993,143.579956,20132100
2017-07-17,148.820007,150.899994,148.570007,149.559998,144.080887,23793500
2017-07-18,149.199997,150.130005,148.669998,150.080002,144.581879,17868800
2017-07-19,150.479996,151.419998,149.949997,151.020004,145.487427,20923000
2017-07-20,151.500000,151.740005,150.190002,150.339996,144.832336,17243700
2017-07-21,149.990005,150.440002,148.880005,150.270004,144.764908,26252600
2017-07-24,150.580002,152.440002,149.899994,152.089996,146.518250,21493200
2017-07-25,151.800003,153.839996,151.800003,152.740005,147.144424,18853900
2017-07-26,153.350006,153.929993,153.059998,153.460007,147.838058,15781000
2017-07-27,153.750000,153.990005,147.300003,150.559998,145.044281,32476300
2017-07-28,149.889999,150.229996,149.190002,149.500000,144.023117,17213700
2017-07-31,149.899994,150.330002,148.130005,148.729996,143.281311,19845900
2017-08-01,149.100006,150.220001,148.410004,150.050003,144.552963,35368600
2017-08-02,159.279999,159.750000,156.160004,157.139999,151.383224,69936800
2017-08-03,157.050003,157.210007,155.020004,155.570007,149.870743,27097300
2017-08-04,156.070007,157.399994,155.690002,156.389999,150.660721,20559900
2017-08-07,157.059998,158.919998,156.669998,158.809998,152.992065,21870300
2017-08-08,158.600006,161.830002,158.270004,160.080002,154.215530,36205900
2017-08-09,159.259995,161.270004,159.110001,161.059998,155.159607,26131500
2017-08-10,159.899994,160.000000,154.630005,155.320007,150.217499,40804300
2017-08-11,156.600006,158.570007,156.070007,157.479996,152.306549,26257100
2017-08-14,159.320007,160.210007,158.750000,159.850006,154.598694,22122700
2017-08-15,160.660004,162.199997,160.139999,161.600006,156.291183,29465500
2017-08-16,161.940002,162.509995,160.149994,160.949997,155.662521,27671600
2017-08-17,160.520004,160.710007,157.839996,157.860001,152.674057,27940600
2017-08-18,157.860001,159.500000,156.720001,157.500000,152.325897,27428100
2017-08-21,157.500000,157.889999,155.110001,157.210007,152.045425,26368500
2017-08-22,158.229996,160.000000,158.020004,159.779999,154.530991,21604600
2017-08-23,159.070007,160.470001,158.880005,159.979996,154.724396,19399100
2017-08-24,160.429993,160.740005,158.550003,159.270004,154.037735,19818900
2017-08-25,159.649994,160.559998,159.270004,159.860001,154.608353,25480100
2017-08-28,160.139999,162.000000,159.929993,161.470001,156.165451,25966000
2017-08-29,160.100006,163.119995,160.000000,162.910004,157.558167,29516900
2017-08-30,163.800003,163.889999,162.610001,163.350006,157.983704,27269600
2017-08-31,163.639999,164.520004,163.479996,164.000000,158.612350,26785100
2017-09-01,164.800003,164.940002,163.630005,164.050003,158.660706,16591100
2017-09-05,163.750000,164.250000,160.559998,162.080002,156.755432,29468500
2017-09-06,162.710007,162.990005,160.520004,161.910004,156.590988,21651700
2017-09-07,162.089996,162.240005,160.360001,161.259995,155.962341,21928500
2017-09-08,160.860001,161.149994,158.529999,158.630005,153.418777,28611500
2017-09-11,160.500000,162.050003,159.889999,161.500000,156.194489,31580800
2017-09-12,162.610001,163.960007,158.770004,160.860001,155.575516,71714000
2017-09-13,159.869995,159.960007,157.910004,159.649994,154.405258,44907400
2017-09-14,158.990005,159.399994,158.089996,158.279999,153.080246,23760700
2017-09-15,158.470001,160.970001,158.000000,159.880005,154.627701,49114600
2017-09-18,160.110001,160.500000,158.000000,158.669998,153.457443,28269400
2017-09-19,159.509995,159.770004,158.440002,158.729996,153.515472,20810600
2017-09-20,157.899994,158.259995,153.830002,156.070007,150.942871,52951400
2017-09-21,155.800003,155.800003,152.750000,153.389999,148.350891,37511700
2017-09-22,151.539993,152.270004,150.559998,151.889999,146.900177,46645400
2017-09-25,149.990005,151.830002,149.160004,150.550003,145.604202,44387300
2017-09-26,151.779999,153.919998,151.690002,153.139999,148.109116,36660000
2017-09-27,153.800003,154.720001,153.539993,154.229996,149.163300,25504200
2017-09-28,153.889999,154.279999,152.699997,153.279999,148.244507,22005500
2017-09-29,153.210007,154.130005,152.000000,154.119995,149.056900,26299800
2017-10-02,154.259995,154.449997,152.720001,153.809998,148.757111,18698800
2017-10-03,154.009995,155.089996,153.910004,154.479996,149.405106,16230300
2017-10-04,153.630005,153.860001,152.460007,153.479996,148.437958,20163800
2017-10-05,154.179993,155.440002,154.050003,155.389999,150.285172,21283800
2017-10-06,154.970001,155.490005,154.559998,155.300003,150.198135,17407600
2017-10-09,155.809998,156.729996,155.490005,155.839996,150.720398,16262900
2017-10-10,156.059998,158.000000,155.100006,155.899994,150.778427,15617000
2017-10-11,155.970001,156.979996,155.750000,156.550003,151.407104,16905600
2017-10-12,156.350006,157.369995,155.729996,156.000000,150.875168,16125100
2017-10-13,156.729996,157.279999,156.410004,156.990005,151.832642,16394200
2017-10-16,157.899994,160.000000,157.649994,159.880005,154.627701,24121500
2017-10-17,159.779999,160.869995,159.229996,160.470001,155.198318,18997300
2017-10-18,160.419998,160.710007,159.600006,159.759995,154.511642,16374200
2017-10-19,156.750000,157.080002,155.020004,155.979996,150.855804,42584200
2017-10-20,156.610001,157.750000,155.960007,156.250000,151.116959,23974100
2017-10-23,156.889999,157.690002,155.500000,156.169998,151.039581,21984300
2017-10-24,156.289993,157.419998,156.199997,157.100006,151.939011,17757200
2017-10-25,156.910004,157.550003,155.270004,156.410004,151.271683,21207100
2017-10-26,157.229996,157.830002,156.779999,157.410004,152.238815,17000500
2017-10-27,159.289993,163.600006,158.699997,163.050003,157.693542,44454200
2017-10-30,163.889999,168.070007,163.720001,166.720001,161.242996,44700800
2017-10-31,167.899994,169.649994,166.940002,169.039993,163.486755,36046800
2017-11-01,169.869995,169.940002,165.610001,166.889999,161.407394,33637800
2017-11-02,166.600006,168.500000,165.279999,168.110001,162.587326,41393400
2017-11-03,174.000000,174.259995,171.119995,172.500000,166.833115,59398600
2017-11-06,172.369995,174.990005,171.720001,174.250000,168.525620,35026300
2017-11-07,173.910004,175.250000,173.600006,174.809998,169.067215,24361500
2017-11-08,174.660004,176.240005,174.330002,176.240005,170.450256,24409500
2017-11-09,175.110001,176.100006,173.139999,175.880005,170.102097,29482600
2017-11-10,175.110001,175.380005,174.270004,174.669998,169.539093,25145500
2017-11-13,173.500000,174.500000,173.399994,173.970001,168.859665,16982100
2017-11-14,173.039993,173.479996,171.179993,171.339996,166.306900,24782500
2017-11-15,169.970001,170.320007,168.380005,169.080002,164.113281,29158100
2017-11-16,171.179993,171.869995,170.300003,171.100006,166.073975,23637500
2017-11-17,171.039993,171.389999,169.639999,170.149994,165.151871,21899500
2017-11-20,170.289993,170.559998,169.559998,169.979996,164.986893,16262400
2017-11-21,170.779999,173.699997,170.779999,173.139999,168.054031,25131300
2017-11-22,173.360001,175.000000,173.050003,174.960007,169.820587,25588900
2017-11-24,175.100006,175.500000,174.649994,174.970001,169.830307,14026700
2017-11-27,175.050003,175.080002,173.339996,174.089996,168.976135,20716800
2017-11-28,174.300003,174.869995,171.860001,173.070007,167.986099,26428800
2017-11-29,172.630005,172.919998,167.160004,169.479996,164.501587,41666400
2017-11-30,170.429993,172.139999,168.440002,171.850006,166.801956,41527200
2017-12-01,169.949997,171.669998,168.500000,171.050003,166.025436,39759300
2017-12-04,172.479996,172.619995,169.630005,169.800003,164.812134,32542400
2017-12-05,169.059998,171.520004,168.399994,169.639999,164.656845,27350200
2017-12-06,167.500000,170.199997,166.460007,169.009995,164.045380,28560000
2017-12-07,169.029999,170.440002,168.910004,169.320007,164.346298,25673300
2017-12-08,170.490005,171.000000,168.820007,169.369995,164.394775,23355200
2017-12-11,169.199997,172.889999,168.789993,172.669998,167.597855,35273800
2017-12-12,172.149994,172.389999,171.460007,171.699997,166.656357,19409200
2017-12-13,172.500000,173.539993,172.000000,172.270004,167.209610,23818400
2017-12-14,172.399994,173.130005,171.649994,172.220001,167.161057,20476500
2017-12-15,173.630005,174.169998,172.460007,173.970001,168.859665,40169300
2017-12-18,174.880005,177.199997,174.860001,176.419998,171.237717,29421100
2017-12-19,175.029999,175.389999,174.089996,174.539993,169.412903,27436400
2017-12-20,174.869995,175.419998,173.250000,174.350006,169.228500,23475600
2017-12-21,174.169998,176.020004,174.100006,175.009995,169.869110,20949900
2017-12-22,174.679993,175.419998,174.500000,175.009995,169.869110,16349400
2017-12-26,170.800003,171.470001,169.679993,170.570007,165.559555,33185500
2017-12-27,170.100006,170.779999,169.710007,170.600006,165.588669,21498200
2017-12-28,171.000000,171.850006,170.479996,171.080002,166.054581,16480200
2017-12-29,170.520004,170.589996,169.220001,169.229996,164.258896,25999900
2018-01-02,170.160004,172.300003,169.259995,172.259995,167.199890,25555900
2018-01-03,172.529999,174.550003,171.960007,172.229996,167.170776,29517900
2018-01-04,172.539993,173.470001,172.080002,173.029999,167.947266,22434600
2018-01-05,173.440002,175.369995,173.050003,175.000000,169.859406,23660000
2018-01-08,174.350006,175.610001,173.929993,174.350006,169.228500,20567800
2018-01-09,174.550003,175.059998,173.410004,174.330002,169.209091,21584000
2018-01-10,173.160004,174.300003,173.000000,174.289993,169.170258,23959900
2018-01-11,174.589996,175.490005,174.490005,175.279999,170.131180,18667700
2018-01-12,176.179993,177.360001,175.649994,177.089996,171.888031,25418100
2018-01-16,177.899994,179.389999,176.139999,176.190002,171.014465,29565900
2018-01-17,176.149994,179.250000,175.070007,179.100006,173.839005,34386800
2018-01-18,179.369995,180.100006,178.250000,179.259995,173.994293,31193400
2018-01-19,178.610001,179.580002,177.410004,178.460007,173.217789,32425100
2018-01-22,177.300003,177.779999,176.600006,177.000000,171.800674,27108600
2018-01-23,177.300003,179.440002,176.820007,177.039993,171.839493,32689100
2018-01-24,177.250000,177.300003,173.199997,174.220001,169.102325,51105100
2018-01-25,174.509995,174.949997,170.529999,171.110001,166.083679,41529000
2018-01-26,172.000000,172.000000,170.059998,171.509995,166.471924,39143000
2018-01-29,170.160004,170.160004,167.070007,167.960007,163.026215,50640400
2018-01-30,165.529999,167.369995,164.699997,166.970001,162.065277,46048200
2018-01-31,166.869995,168.440002,166.500000,167.429993,162.511780,32478900
2018-02-01,167.169998,168.619995,166.759995,167.779999,162.851486,47230800
2018-02-02,166.000000,166.800003,160.100006,160.500000,155.785370,86593800
2018-02-05,159.100006,163.880005,156.000000,156.490005,151.893127,72738500
2018-02-06,154.830002,163.720001,154.000000,163.029999,158.241013,68243800
2018-02-07,163.089996,163.399994,159.070007,159.539993,154.853531,51608600
2018-02-08,160.289993,161.000000,155.029999,155.149994,150.592499,54390500
2018-02-09,157.070007,157.889999,150.240005,156.410004,152.434464,70672600
2018-02-12,158.500000,163.889999,157.509995,162.710007,158.574326,60819500
2018-02-13,161.949997,164.750000,161.649994,164.339996,160.162903,32549200
2018-02-14,163.039993,167.539993,162.880005,167.369995,163.115891,40644900
2018-02-15,169.789993,173.089996,169.000000,172.990005,168.593033,51147200
2018-02-16,172.360001,174.820007,171.770004,172.429993,168.047272,40176100
2018-02-20,172.050003,174.259995,171.419998,171.850006,167.482025,33930500
2018-02-21,172.830002,174.119995,171.009995,171.070007,166.721848,37471600
2018-02-22,171.800003,173.949997,171.710007,172.500000,168.115509,30991900
2018-02-23,173.669998,175.649994,173.539993,175.500000,171.039246,33812400
2018-02-26,176.350006,179.389999,176.210007,178.970001,174.421036,38162200
2018-02-27,179.100006,180.479996,178.160004,178.389999,173.855804,38928100
2018-02-28,179.259995,180.619995,178.050003,178.119995,173.592667,37782100
2018-03-01,178.539993,179.779999,172.660004,175.000000,170.551941,48802000
2018-03-02,172.800003,176.300003,172.449997,176.210007,171.731186,38454000
2018-03-05,175.210007,177.740005,174.520004,176.820007,172.325714,28401400
2018-03-06,177.910004,178.250000,176.130005,176.669998,172.179504,23788500
2018-03-07,174.940002,175.850006,174.270004,175.029999,170.581207,31703500
2018-03-08,175.479996,177.119995,175.070007,176.940002,172.442642,23774100
2018-03-09,177.960007,180.000000,177.389999,179.979996,175.405365,32185200
2018-03-12,180.289993,182.389999,180.210007,181.720001,177.101135,32207100
2018-03-13,182.589996,183.500000,179.240005,179.970001,175.395630,31693500
2018-03-14,180.320007,180.520004,177.809998,178.440002,173.904495,29368400
2018-03-15,178.500000,180.240005,178.070007,178.649994,174.109161,22743800
2018-03-16,178.649994,179.119995,177.619995,178.020004,173.495193,39404700
2018-03-19,177.320007,177.470001,173.660004,175.300003,170.844345,33446800
2018-03-20,175.240005,176.800003,174.940002,175.240005,170.785858,19649400
2018-03-21,175.039993,175.089996,171.259995,171.270004,166.916748,37054900
2018-03-22,170.000000,172.679993,168.600006,168.850006,164.558273,41490800
2018-03-23,168.389999,169.919998,164.940002,164.940002,160.747635,41028800
2018-03-26,168.070007,173.100006,166.440002,172.770004,168.378662,37541200
2018-03-27,173.679993,175.149994,166.919998,168.339996,164.061218,40922600
2018-03-28,167.250000,170.020004,165.190002,166.479996,162.248520,41668500
2018-03-29,167.809998,171.750000,166.899994,167.779999,163.515457,38398500
2018-04-02,166.639999,168.940002,164.470001,166.679993,162.443420,37586800
2018-04-03,167.639999,168.750000,164.880005,168.389999,164.109970,30278000
2018-04-04,164.880005,172.009995,164.770004,171.610001,167.248123,34605500
2018-04-05,172.580002,174.229996,172.080002,172.800003,168.407867,26933200
2018-04-06,170.970001,172.479996,168.199997,168.380005,164.100235,35005300
2018-04-09,169.880005,173.089996,169.850006,170.050003,165.727783,29017700
2018-04-10,173.000000,174.000000,171.529999,173.250000,168.846451,28408600
2018-04-11,172.229996,173.919998,171.699997,172.440002,168.057022,22431600
2018-04-12,173.410004,175.000000,173.039993,174.139999,169.713821,22889300
2018-04-13,174.779999,175.839996,173.850006,174.729996,170.288803,25124300
2018-04-16,175.029999,176.190002,174.830002,175.820007,171.351120,21578400
2018-04-17,176.490005,178.940002,176.410004,178.240005,173.709595,26605400
2018-04-18,177.809998,178.820007,176.880005,177.839996,173.319763,20754500
2018-04-19,173.759995,175.389999,172.660004,172.800003,168.407867,34808800
2018-04-20,170.600006,171.220001,165.429993,165.720001,161.507813,65491100
2018-04-23,166.830002,166.919998,164.089996,165.240005,161.040039,36515500
2018-04-24,165.669998,166.330002,161.220001,162.940002,158.798492,33692000
2018-04-25,162.619995,165.419998,162.410004,163.649994,159.490433,28382100
2018-04-26,164.119995,165.729996,163.369995,164.220001,160.045959,27963000
2018-04-27,164.000000,164.330002,160.630005,162.320007,158.194244,35655800
2018-04-30,162.130005,167.259995,161.839996,165.259995,161.059509,42427400
2018-05-01,166.410004,169.199997,165.270004,169.100006,164.801895,53569400
2018-05-02,175.229996,177.750000,173.800003,176.570007,172.082062,66539400
2018-05-03,175.880005,177.500000,174.440002,176.889999,172.393906,34068200
2018-05-04,178.250000,184.250000,178.169998,183.830002,179.157516,56201300
2018-05-07,185.179993,187.669998,184.750000,185.160004,180.453720,42451400
2018-05-08,184.990005,186.220001,183.669998,186.050003,181.321091,28402800
2018-05-09,186.550003,187.399994,185.220001,187.360001,182.597794,23211200
2018-05-10,187.740005,190.369995,187.649994,190.039993,185.209671,27989300
2018-05-11,189.490005,190.059998,187.449997,188.589996,184.505264,26212200
2018-05-14,189.009995,189.529999,187.860001,188.149994,184.074799,20778800
2018-05-15,186.779999,187.070007,185.100006,186.440002,182.401840,23695200
2018-05-16,186.070007,188.460007,186.000000,188.179993,184.104141,19183100
2018-05-17,188.000000,188.910004,186.360001,186.990005,182.939926,17294000
2018-05-18,187.190002,187.809998,186.130005,186.309998,182.274643,18297700
2018-05-21,188.000000,189.270004,186.910004,187.630005,183.566071,18400800
2018-05-22,188.380005,188.880005,186.779999,187.160004,183.106216,15240700
2018-05-23,186.350006,188.500000,185.759995,188.360001,184.280273,20058400
2018-05-24,188.770004,188.839996,186.210007,188.149994,184.074799,23234000
2018-05-25,188.229996,189.649994,187.649994,188.580002,184.495499,17461000
2018-05-29,187.600006,188.750000,186.869995,187.899994,183.830231,22514100
2018-05-30,187.720001,188.000000,186.779999,187.500000,183.438889,18690500
2018-05-31,187.220001,188.229996,186.139999,186.869995,182.822510,27482800
2018-06-01,187.990005,190.259995,187.750000,190.240005,186.119507,23442500
2018-06-04,191.639999,193.419998,191.350006,191.830002,187.675095,26266200
2018-06-05,193.070007,193.940002,192.360001,193.309998,189.123032,21566000
2018-06-06,193.630005,194.080002,191.919998,193.979996,189.778519,20933600
2018-06-07,194.139999,194.199997,192.339996,193.460007,189.269806,21347200
2018-06-08,191.169998,192.000000,189.770004,191.699997,187.547913,26656800
2018-06-11,191.350006,191.970001,190.210007,191.229996,187.088089,18308500
2018-06-12,191.389999,192.610001,191.149994,192.279999,188.115341,16911100
2018-06-13,192.419998,192.880005,190.440002,190.699997,186.569565,21638400
2018-06-14,191.550003,191.570007,190.220001,190.800003,186.667404,21610100
2018-06-15,190.029999,190.160004,188.259995,188.839996,184.749863,61719200
2018-06-18,187.880005,189.220001,187.199997,188.740005,184.652008,18484900
2018-06-19,185.139999,186.330002,183.449997,185.690002,181.668076,33578500
2018-06-20,186.350006,187.199997,185.729996,186.500000,182.460541,20628700
2018-06-21,187.250000,188.350006,184.940002,185.460007,181.443069,25711900
2018-06-22,186.119995,186.149994,184.699997,184.919998,180.914749,27200400
2018-06-25,183.399994,184.919998,180.729996,182.169998,178.224304,31663100
2018-06-26,182.990005,186.529999,182.539993,184.429993,180.435379,24569200
2018-06-27,185.229996,187.279999,184.029999,184.160004,180.171219,25285300
2018-06-28,184.100006,186.210007,183.800003,185.500000,181.482208,17365200
2018-06-29,186.289993,187.190002,182.910004,185.110001,181.100647,22737700
2018-07-02,183.820007,187.300003,183.419998,187.179993,183.125809,17731300
2018-07-03,187.789993,187.949997,183.539993,183.919998,179.936417,13954800
2018-07-05,185.259995,186.410004,184.279999,185.399994,181.384354,16604200
2018-07-06,185.419998,188.429993,185.199997,187.970001,183.898682,17485200
2018-07-09,189.500000,190.679993,189.300003,190.580002,186.452164,19756600
2018-07-10,190.710007,191.279999,190.179993,190.350006,186.227173,15939100
2018-07-11,188.500000,189.779999,187.610001,187.880005,183.810638,18831500
2018-07-12,189.529999,191.410004,189.309998,191.029999,186.892410,18041100
2018-07-13,191.080002,191.839996,190.899994,191.330002,187.185898,12513900
2018-07-16,191.520004,192.649994,190.419998,190.910004,186.775024,15043100
2018-07-17,189.750000,191.869995,189.199997,191.449997,187.303299,15534500
2018-07-18,191.779999,191.800003,189.929993,190.399994,186.276047,16393400
2018-07-19,189.690002,192.550003,189.690002,191.880005,187.724030,20286800
2018-07-20,191.779999,192.429993,190.169998,191.440002,187.293564,20676200
2018-07-23,190.679993,191.960007,189.559998,191.610001,187.459839,15989400
2018-07-24,192.449997,193.660004,192.050003,193.000000,188.819748,18697900
2018-07-25,193.059998,194.850006,192.429993,194.820007,190.600342,16709900
2018-07-26,194.610001,195.960007,193.610001,194.210007,190.003540,19076000
2018-07-27,194.990005,195.190002,190.100006,190.979996,186.843521,24024000
2018-07-30,191.899994,192.199997,189.070007,189.910004,185.796677,21029500
2018-07-31,190.300003,192.139999,189.339996,190.289993,186.168427,39373000
2018-08-01,199.130005,201.759995,197.309998,201.500000,197.135651,67935700
2018-08-02,200.580002,208.380005,200.350006,207.389999,202.898071,62404000
2018-08-03,207.029999,208.740005,205.479996,207.990005,203.485062,33447400
2018-08-06,208.000000,209.250000,207.070007,209.070007,204.541672,25425400
2018-08-07,209.320007,209.500000,206.759995,207.110001,202.624130,25587400
2018-08-08,206.050003,207.809998,204.520004,207.250000,202.761124,22525500
2018-08-09,209.529999,209.779999,207.199997,208.880005,204.355804,23492600
2018-08-10,207.360001,209.100006,206.669998,207.529999,203.747101,24611200
2018-08-13,209.309998,210.949997,207.699997,208.869995,205.062668,25890900
2018-08-14,210.160004,210.559998,208.259995,209.750000,205.926666,20748000
2018-08-15,209.220001,210.740005,208.330002,210.240005,206.407715,28807600
2018-08-16,211.750000,213.809998,211.470001,213.320007,209.431580,28500400
2018-08-17,213.440002,217.949997,213.160004,217.580002,213.613892,35427000
2018-08-20,218.100006,219.179993,215.110001,215.460007,211.532562,30287700
2018-08-21,216.800003,217.190002,214.029999,215.039993,211.120209,26159800
2018-08-22,214.100006,216.360001,213.839996,215.050003,211.130035,19018100
2018-08-23,214.649994,217.050003,214.600006,215.490005,211.562012,18883200
2018-08-24,216.600006,216.899994,215.110001,216.160004,212.219803,18476400
2018-08-27,217.149994,218.740005,216.330002,217.940002,213.967346,20525100
2018-08-28,219.009995,220.539993,218.919998,219.699997,215.695267,22776800
2018-08-29,220.149994,223.490005,219.410004,222.979996,218.915482,27254800
2018-08-30,223.250000,228.259995,222.399994,225.029999,220.928101,48793800
2018-08-31,226.509995,228.869995,226.000000,227.630005,223.480713,43340100
2018-09-04,228.410004,229.179993,226.630005,228.360001,224.197418,27390100
2018-09-05,228.990005,229.669998,225.100006,226.869995,222.734589,33333000
2018-09-06,226.229996,227.350006,221.300003,223.100006,219.033310,34290000
2018-09-07,221.850006,225.369995,220.710007,221.300003,217.266113,37619800
2018-09-10,220.949997,221.850006,216.470001,218.330002,214.350235,39516500
2018-09-11,218.009995,224.300003,216.559998,223.850006,219.769638,35749000
2018-09-12,224.940002,225.000000,219.839996,221.070007,217.040298,49278700
2018-09-13,223.520004,228.350006,222.570007,226.410004,222.282959,41706400
2018-09-14,225.750000,226.839996,222.520004,223.839996,219.759811,31999300
2018-09-17,222.149994,222.949997,217.270004,217.880005,213.908447,37195100
2018-09-18,217.789993,221.850006,217.119995,218.240005,214.261887,31571700
2018-09-19,218.500000,219.619995,215.300003,218.369995,214.389496,27123800
2018-09-20,220.240005,222.279999,219.149994,220.029999,216.019272,26608800
2018-09-21,220.779999,221.360001,217.289993,217.660004,213.692459,96246700
2018-09-24,216.820007,221.259995,216.630005,220.789993,216.765396,27693400
2018-09-25,219.750000,222.820007,219.699997,222.190002,218.139877,24554400
2018-09-26,221.000000,223.750000,219.759995,220.419998,216.402145,23984700
2018-09-27,223.820007,226.440002,223.539993,224.949997,220.849579,30181200
2018-09-28,224.789993,225.839996,224.020004,225.740005,221.625168,22929400
2018-10-01,227.949997,229.419998,226.350006,227.259995,223.117462,23600800
2018-10-02,227.250000,230.000000,226.630005,229.279999,225.100647,24788200
2018-10-03,230.050003,233.470001,229.779999,232.070007,227.839798,28654800
2018-10-04,230.779999,232.350006,226.729996,227.990005,223.834167,32042000
2018-10-05,227.960007,228.410004,220.580002,224.289993,220.201599,33580500
2018-10-08,222.210007,224.800003,220.199997,223.770004,219.691101,29663900
2018-10-09,223.639999,227.270004,222.250000,226.869995,222.734589,26891000
2018-10-10,225.460007,226.350006,216.050003,216.360001,212.416153,41990600
2018-10-11,214.520004,219.500000,212.320007,214.449997,210.540970,53124400
2018-10-12,220.419998,222.880005,216.839996,222.110001,218.061340,40337900
2018-10-15,221.160004,221.830002,217.270004,217.360001,213.397919,30791000
2018-10-16,218.929993,222.990005,216.759995,222.149994,218.100601,29184000
2018-10-17,222.300003,222.639999,219.339996,221.190002,217.158112,22885400
2018-10-18,217.860001,219.740005,213.000000,216.020004,212.082352,32581300
2018-10-19,218.059998,221.259995,217.429993,219.309998,215.312363,33078700
2018-10-22,219.789993,223.360001,218.940002,220.649994,216.627945,28792100
2018-10-23,215.830002,223.250000,214.699997,222.729996,218.670029,38767800
2018-10-24,222.600006,224.229996,214.539993,215.089996,211.169296,40925500
2018-10-25,217.710007,221.380005,216.750000,219.800003,215.793457,29855800
2018-10-26,215.899994,220.190002,212.669998,216.300003,212.357239,47258400
2018-10-29,219.190002,219.690002,206.089996,212.240005,208.371262,45935500
2018-10-30,211.149994,215.179993,209.270004,213.300003,209.411926,36660000
2018-10-31,216.880005,220.449997,216.619995,218.860001,214.870590,38358900
2018-11-01,219.050003,222.360001,216.809998,222.220001,218.169342,58323200
2018-11-02,209.550003,213.649994,205.429993,207.479996,203.697998,91328700
2018-11-05,204.300003,204.389999,198.169998,201.589996,197.915375,66163700
2018-11-06,201.919998,204.720001,201.690002,203.770004,200.055649,31882900
2018-11-07,205.970001,210.059998,204.130005,209.949997,206.122986,33424400
2018-11-08,209.979996,210.119995,206.750000,208.490005,205.403809,25362600
2018-11-09,205.550003,206.009995,202.250000,204.470001,201.443298,34365800
2018-11-12,199.000000,199.850006,193.789993,194.169998,191.295761,51135500
2018-11-13,191.630005,197.179993,191.449997,192.229996,189.384476,46882900
2018-11-14,193.899994,194.479996,185.929993,186.800003,184.034882,60801000
2018-11-15,188.389999,191.970001,186.899994,191.410004,188.576630,46478800
2018-11-16,190.500000,194.970001,189.460007,193.529999,190.665237,36928300
2018-11-19,190.000000,190.699997,184.990005,185.860001,183.108780,41925300
2018-11-20,178.369995,181.470001,175.509995,176.979996,174.360245,67825200
2018-11-21,179.729996,180.270004,176.550003,176.779999,174.163193,31124200
2018-11-23,174.940002,176.600006,172.100006,172.289993,169.739655,23624000
2018-11-26,174.240005,174.949997,170.259995,174.619995,172.035172,44998500
2018-11-27,171.509995,174.770004,170.880005,174.240005,171.660797,41387400
2018-11-28,176.729996,181.289993,174.929993,180.940002,178.261627,46062500
2018-11-29,182.660004,182.800003,177.699997,179.550003,176.892197,41770000
2018-11-30,180.289993,180.330002,177.029999,178.580002,175.936554,39531500
2018-12-03,184.460007,184.940002,181.210007,184.820007,182.084183,40802500
2018-12-04,180.949997,182.389999,176.270004,176.690002,174.074539,41344300
2018-12-06,171.759995,174.779999,170.419998,174.720001,172.133682,43098400
2018-12-07,173.490005,174.490005,168.300003,168.490005,165.995926,42281600
2018-12-10,165.000000,170.089996,163.330002,169.600006,167.089478,62026000
2018-12-11,171.660004,171.789993,167.000000,168.630005,166.133850,47281700
2018-12-12,170.399994,171.919998,169.020004,169.100006,166.596878,35627700
2018-12-13,170.490005,172.570007,169.550003,170.949997,168.419479,31898600
2018-12-14,169.000000,169.080002,165.279999,165.479996,163.030457,40703700
2018-12-17,165.449997,168.350006,162.729996,163.940002,161.513260,44287900
2018-12-18,165.380005,167.529999,164.389999,166.070007,163.611740,33841500
2018-12-19,166.000000,167.449997,159.089996,160.889999,158.508408,49047300
2018-12-20,160.399994,162.110001,155.300003,156.830002,154.508499,64773000
2018-12-21,156.860001,158.160004,149.630005,150.729996,148.498795,95744600
2018-12-24,148.149994,151.550003,146.589996,146.830002,144.656540,37169200
2018-12-26,148.300003,157.229996,146.720001,157.169998,154.843475,58582500
2018-12-27,155.839996,156.770004,150.070007,156.149994,153.838562,53117100
2018-12-28,157.500000,158.520004,154.550003,156.229996,153.917389,42291400
2018-12-31,158.529999,159.360001,156.479996,157.740005,155.405045,35003500
2019-01-02,154.889999,158.850006,154.229996,157.919998,155.582367,37039700
2019-01-03,143.979996,145.720001,142.000000,142.190002,140.085220,91312200
2019-01-04,144.529999,148.550003,143.800003,148.259995,146.065353,58607100
2019-01-07,148.699997,148.830002,145.899994,147.929993,145.740265,54777800
2019-01-08,149.559998,151.820007,148.520004,150.750000,148.518509,41025300
2019-01-09,151.289993,154.529999,149.630005,153.309998,151.040604,45099100
2019-01-10,152.500000,153.970001,150.860001,153.800003,151.523376,35780700
2019-01-11,152.880005,153.699997,151.509995,152.289993,150.035706,27023200
2019-01-14,150.850006,151.270004,149.220001,150.000000,147.779602,32439200
2019-01-15,150.270004,153.389999,150.050003,153.070007,150.804169,28710900
2019-01-16,153.080002,155.880005,153.000000,154.940002,152.646484,30569700
2019-01-17,154.199997,157.660004,153.259995,155.860001,153.552872,29821200
2019-01-18,157.500000,157.880005,155.979996,156.820007,154.498657,33751000
2019-01-22,156.410004,156.729996,152.619995,153.300003,151.030777,30394000
2019-01-23,154.149994,155.139999,151.699997,153.919998,151.641586,23130600
2019-01-24,154.110001,154.479996,151.740005,152.699997,150.439636,25441500
2019-01-25,155.479996,158.130005,154.320007,157.759995,155.424744,33535500
2019-01-28,155.789993,156.330002,153.660004,156.300003,153.986359,26192100
2019-01-29,156.250000,158.130005,154.110001,154.679993,152.390320,41587200
2019-01-30,163.250000,166.149994,160.229996,165.250000,162.803864,61109800
2019-01-31,166.110001,169.000000,164.559998,166.440002,163.976242,40739600
2019-02-01,166.960007,168.979996,165.929993,166.520004,164.055069,32668100
2019-02-04,167.410004,171.660004,167.279999,171.250000,168.715042,31495500
2019-02-05,172.860001,175.080002,172.350006,174.179993,171.601685,36101600
2019-02-06,174.649994,175.570007,172.850006,174.240005,171.660797,28239600
2019-02-07,172.399994,173.940002,170.339996,170.940002,168.409653,31741700
2019-02-08,168.990005,170.660004,168.419998,170.410004,168.607529,23820000
2019-02-11,171.050003,171.210007,169.250000,169.429993,167.637878,20993400
2019-02-12,170.100006,171.000000,169.699997,170.889999,169.082443,22283500
2019-02-13,171.389999,172.479996,169.919998,170.179993,168.379944,22490200
2019-02-14,169.710007,171.259995,169.380005,170.800003,168.993408,21835700
2019-02-15,171.250000,171.699997,169.750000,170.419998,168.617432,24626800
2019-02-19,169.710007,171.440002,169.490005,170.929993,169.122009,18972800
2019-02-20,171.190002,173.320007,170.990005,172.029999,170.210388,26114400
2019-02-21,171.800003,172.369995,170.300003,171.059998,169.250656,17249700
2019-02-22,171.580002,173.000000,171.380005,172.970001,171.140442,18913200
2019-02-25,174.160004,175.869995,173.949997,174.229996,172.387115,21873400
2019-02-26,173.710007,175.300003,173.169998,174.330002,172.486053,17070200
2019-02-27,173.210007,175.000000,172.729996,174.869995,173.020340,27835400
2019-02-28,174.320007,174.910004,172.919998,173.149994,171.318542,28215400
2019-03-01,174.279999,175.149994,172.889999,174.970001,173.119278,25886200
2019-03-04,175.690002,177.750000,173.970001,175.850006,173.989990,27436200
2019-03-05,175.940002,176.000000,174.539993,175.529999,173.673370,19737400
2019-03-06,174.669998,175.490005,173.940002,174.520004,172.674057,20810400
2019-03-07,173.869995,174.440002,172.020004,172.500000,170.675415,24796400
2019-03-08,170.320007,173.070007,169.500000,172.910004,171.081085,23999400
2019-03-11,175.490005,179.119995,175.350006,178.899994,177.007706,32011000
2019-03-12,180.000000,182.669998,179.369995,180.910004,178.996475,32467600
2019-03-13,182.250000,183.300003,180.919998,181.710007,179.787994,31032500
2019-03-14,183.899994,184.100006,182.559998,183.729996,181.786621,23579500
2019-03-15,184.850006,187.330002,183.740005,186.119995,184.151337,39042900
2019-03-18,185.800003,188.389999,185.789993,188.020004,186.031265,26219800
2019-03-19,188.350006,188.990005,185.919998,186.529999,184.557022,31646400
2019-03-20,186.229996,189.490005,184.729996,188.160004,186.169785,31035200
2019-03-21,190.020004,196.330002,189.809998,195.089996,193.026459,51034200
2019-03-22,195.339996,197.690002,190.779999,191.050003,189.029205,42407700
2019-03-25,191.509995,191.979996,186.600006,188.740005,186.743637,43845300
2019-03-26,191.660004,192.880005,184.580002,186.789993,184.814255,49800500
2019-03-27,188.750000,189.759995,186.550003,188.470001,186.476486,29848400
2019-03-28,188.949997,189.559998,187.529999,188.720001,186.723846,20780400
2019-03-29,189.830002,190.080002,188.539993,189.949997,187.940842,23564000
2019-04-01,191.639999,191.679993,188.380005,191.240005,189.217209,27862000
2019-04-02,191.089996,194.460007,191.050003,194.020004,191.967804,22765700
2019-04-03,193.250000,196.500000,193.149994,195.350006,193.283737,23271800
2019-04-04,194.789993,196.369995,193.139999,195.690002,193.620117,19114300
2019-04-05,196.449997,197.100006,195.929993,197.000000,194.916260,18526600
2019-04-08,196.419998,200.229996,196.339996,200.100006,197.983475,25881700
2019-04-09,200.320007,202.850006,199.229996,199.500000,197.389832,35768200
2019-04-10,198.679993,200.740005,198.179993,200.619995,198.497971,21695300
2019-04-11,200.850006,201.000000,198.440002,198.949997,196.845642,20900800
2019-04-12,199.199997,200.139999,196.210007,198.869995,196.766495,27760700
2019-04-15,198.580002,199.850006,198.009995,199.229996,197.122681,17536600
2019-04-16,199.460007,201.369995,198.559998,199.250000,197.142471,25696400
2019-04-17,199.539993,203.380005,198.610001,203.130005,200.981445,28906800
2019-04-18,203.119995,204.149994,202.520004,203.860001,201.703720,24195800
2019-04-22,202.830002,204.940002,202.339996,204.529999,202.366638,19439500
2019-04-23,204.429993,207.750000,203.899994,207.479996,205.285416,23323000
2019-04-24,207.360001,208.479996,207.050003,207.160004,204.968811,17540600
2019-04-25,206.830002,207.759995,205.119995,205.279999,203.108704,18543200
2019-04-26,204.899994,205.000000,202.119995,204.300003,202.139069,18649100
2019-04-29,204.399994,205.970001,203.860001,204.610001,202.445786,22204700
2019-04-30,203.059998,203.399994,199.110001,200.669998,198.547455,46534900
2019-05-01,209.880005,215.309998,209.229996,210.520004,208.293274,64827300
2019-05-02,209.839996,212.649994,208.130005,209.149994,206.937759,31996300
2019-05-03,210.889999,211.839996,210.229996,211.750000,209.510269,20892400
2019-05-06,204.289993,208.839996,203.500000,208.479996,206.274857,32443100
2019-05-07,205.880005,207.419998,200.830002,202.860001,200.714294,38763700
2019-05-08,201.899994,205.339996,201.750000,202.899994,200.753860,26339500
2019-05-09,200.399994,201.679993,196.660004,200.720001,198.596924,34908600
2019-05-10,197.419998,198.850006,192.770004,197.179993,195.845673,41208700
2019-05-13,187.710007,189.479996,182.850006,185.720001,184.463242,57430600
2019-05-14,186.410004,189.699997,185.410004,188.660004,187.383331,36529700
2019-05-15,186.270004,191.750000,186.020004,190.919998,189.628036,26544700
2019-05-16,189.910004,192.470001,188.839996,190.080002,188.793732,33031400
2019-05-17,186.929993,190.899994,186.759995,189.000000,187.721039,32879100
2019-05-20,183.520004,184.350006,180.279999,183.089996,181.851028,38612300
2019-05-21,185.220001,188.000000,184.699997,186.600006,185.337280,28364800
2019-05-22,184.660004,185.710007,182.550003,182.779999,181.543121,29748600
2019-05-23,179.800003,180.539993,177.809998,179.660004,178.444244,36529700
2019-05-24,180.199997,182.139999,178.619995,178.970001,177.758911,23714700
2019-05-28,178.919998,180.589996,177.910004,178.229996,177.023911,27948200
2019-05-29,176.419998,179.350006,176.000000,177.380005,176.179657,28481200
2019-05-30,177.949997,179.229996,176.669998,178.300003,177.093445,21218400
2019-05-31,176.229996,177.990005,174.990005,175.070007,173.885300,27043600
2019-06-03,175.600006,177.919998,170.270004,173.300003,172.127274,40396100
2019-06-04,175.440002,179.830002,174.520004,179.639999,178.424377,30968000
2019-06-05,184.279999,184.990005,181.139999,182.539993,181.304733,29773400
2019-06-06,183.080002,185.470001,182.149994,185.220001,183.966614,22526300
2019-06-07,186.509995,191.919998,185.770004,190.149994,188.863251,30684400
2019-06-10,191.809998,195.369995,191.619995,192.580002,191.276810,26220900
2019-06-11,194.860001,196.000000,193.600006,194.809998,193.491714,26932900
2019-06-12,193.949997,195.970001,193.389999,194.190002,192.875916,18221800
2019-06-13,194.699997,196.789993,193.600006,194.149994,192.836166,21674600
2019-06-14,191.550003,193.589996,190.300003,192.740005,191.435730,18761500
2019-06-17,192.899994,194.960007,192.169998,193.889999,192.577942,14669100
2019-06-18,196.050003,200.289993,195.210007,198.449997,197.107086,26551000
2019-06-19,199.679993,199.880005,197.309998,197.869995,196.531006,21124200
2019-06-20,200.369995,200.610001,198.029999,199.460007,198.110245,21514000
2019-06-21,198.800003,200.850006,198.149994,198.779999,197.434845,47800600
2019-06-24,198.539993,200.160004,198.169998,198.580002,197.236206,18220400
2019-06-25,198.429993,199.259995,195.289993,195.570007,194.246582,21070300
2019-06-26,197.770004,200.990005,197.350006,199.800003,198.447952,26067500
2019-06-27,200.289993,201.570007,199.570007,199.740005,198.388367,20899700
2019-06-28,198.679993,199.500000,197.050003,197.919998,196.580658,31110600
2019-07-01,203.169998,204.490005,200.649994,201.550003,200.186111,27316700
2019-07-02,201.410004,203.130005,201.360001,202.729996,201.358109,16935200
2019-07-03,203.279999,204.440002,202.690002,204.410004,203.026749,11362000
2019-07-05,203.350006,205.080002,202.899994,204.229996,202.847961,17265500
2019-07-08,200.809998,201.399994,198.410004,200.020004,198.666458,25338600
2019-07-09,199.199997,201.509995,198.809998,201.240005,199.878220,20578000
2019-07-10,201.850006,203.729996,201.559998,203.229996,201.854736,17897100
2019-07-11,203.309998,204.389999,201.710007,201.750000,200.384750,20191800
2019-07-12,202.449997,204.000000,202.199997,203.300003,201.924271,17595200
2019-07-15,204.089996,205.869995,204.000000,205.210007,203.821350,16947400
2019-07-16,204.589996,206.110001,203.500000,204.500000,203.116135,16866800
2019-07-17,204.050003,205.089996,203.270004,203.350006,201.973923,14107500
2019-07-18,204.000000,205.880005,203.699997,205.660004,204.268295,18582200
2019-07-19,205.789993,206.500000,202.360001,202.589996,201.219070,20929300
2019-07-22,203.649994,207.229996,203.610001,207.220001,205.817734,22277900
2019-07-23,208.460007,208.910004,207.289993,208.839996,207.426758,18355200
2019-07-24,207.669998,209.149994,207.169998,208.669998,207.257935,14991600
2019-07-25,208.889999,209.240005,206.729996,207.020004,205.619095,13909600
2019-07-26,207.479996,209.729996,207.139999,207.740005,206.334213,17618900
2019-07-29,208.460007,210.639999,208.440002,209.679993,208.261078,21673400
2019-07-30,208.759995,210.160004,207.309998,208.779999,207.367172,28020200
2019-07-31,216.419998,221.369995,211.300003,213.039993,211.598358,69281400
2019-08-01,213.899994,218.029999,206.740005,208.429993,207.019531,54017900
2019-08-02,205.529999,206.429993,201.630005,204.020004,202.639389,40862100
2019-08-05,197.990005,198.649994,192.580002,193.339996,192.031647,52393000
2019-08-06,196.309998,198.070007,194.039993,197.000000,195.666885,35824800
2019-08-07,195.410004,199.559998,193.820007,199.039993,197.693085,33364400
2019-08-08,200.199997,203.529999,199.389999,203.429993,202.053375,27009500
2019-08-09,201.300003,202.759995,199.289993,200.990005,200.388382,24619700
2019-08-12,199.619995,202.050003,199.149994,200.479996,199.879898,22474900
2019-08-13,201.020004,212.139999,200.479996,208.970001,208.344498,47218500
2019-08-14,203.160004,206.440002,202.589996,202.750000,202.143112,36547400
2019-08-15,203.460007,205.139999,199.669998,201.740005,201.136139,27227400
2019-08-16,204.279999,207.160004,203.839996,206.500000,205.881882,27620400
2019-08-19,210.619995,212.729996,210.029999,210.350006,209.720367,24413600
2019-08-20,210.880005,213.350006,210.320007,210.360001,209.730331,26884300
2019-08-21,212.990005,213.649994,211.600006,212.639999,212.003510,21535400
2019-08-22,213.190002,214.440002,210.750000,212.460007,211.824051,22253700
2019-08-23,209.429993,212.050003,201.000000,202.639999,202.033447,46818000
2019-08-26,205.860001,207.190002,205.059998,206.490005,205.871918,26043600
2019-08-27,207.860001,208.550003,203.529999,204.160004,203.548889,25873300
2019-08-28,204.100006,205.720001,203.320007,205.529999,204.914795,15938800
2019-08-29,208.500000,209.320007,206.660004,209.009995,208.384369,20990500
2019-08-30,210.160004,210.449997,207.199997,208.740005,208.115189,21143400
2019-09-03,206.429993,206.979996,204.220001,205.699997,205.084274,20023000
2019-09-04,208.389999,209.479996,207.320007,209.190002,208.563843,19188100
2019-09-05,212.000000,213.970001,211.509995,213.279999,212.641586,23913700
2019-09-06,214.050003,214.419998,212.509995,213.259995,212.621643,19362300
2019-09-09,214.839996,216.440002,211.070007,214.169998,213.528931,27309400
2019-09-10,213.860001,216.779999,211.710007,216.699997,216.051346,31777900
2019-09-11,218.070007,223.710007,217.729996,223.589996,222.920731,44289600
2019-09-12,224.800003,226.419998,222.860001,223.089996,222.422226,32226700
2019-09-13,220.000000,220.789993,217.020004,218.750000,218.095215,39763300
2019-09-16,217.729996,220.130005,217.559998,219.899994,219.241776,21158100
2019-09-17,219.960007,220.820007,219.119995,220.699997,220.039383,18318700
2019-09-18,221.059998,222.850006,219.440002,222.770004,222.103195,25340000
2019-09-19,222.009995,223.759995,220.369995,220.960007,220.298615,22060600
2019-09-20,221.380005,222.559998,217.470001,217.729996,217.078262,55413100
2019-09-23,218.949997,219.839996,217.649994,218.720001,218.065308,19165500
2019-09-24,221.029999,222.490005,217.190002,217.679993,217.028412,31190800
2019-09-25,218.550003,221.500000,217.139999,221.029999,220.368393,21903400
2019-09-26,220.000000,220.940002,218.830002,219.889999,219.231812,18833500
2019-09-27,220.539993,220.960007,217.279999,218.820007,218.165024,25352000
2019-09-30,220.899994,224.580002,220.789993,223.970001,223.299591,25977400
2019-10-01,225.070007,228.220001,224.199997,224.589996,223.917740,34805800
2019-10-02,223.059998,223.580002,217.929993,218.960007,218.304596,34612300
2019-10-03,218.429993,220.960007,215.130005,220.820007,220.159027,28606500
2019-10-04,225.639999,227.490005,223.889999,227.009995,226.330490,34619700
2019-10-07,226.270004,229.929993,225.839996,227.059998,226.380341,30576500
2019-10-08,225.820007,228.059998,224.330002,224.399994,223.728302,27955000
2019-10-09,227.029999,227.789993,225.639999,227.029999,226.350433,18692600
2019-10-10,227.929993,230.440002,227.300003,230.089996,229.401276,28253400
2019-10-11,232.949997,237.639999,232.309998,236.210007,235.502960,41698900
2019-10-14,234.899994,238.130005,234.669998,235.869995,235.163971,24106900
2019-10-15,236.389999,237.649994,234.880005,235.320007,234.615631,21840000
2019-10-16,233.369995,235.240005,233.199997,234.369995,233.668457,18475800
2019-10-17,235.089996,236.149994,233.520004,235.279999,234.575745,16896300
2019-10-18,234.589996,237.580002,234.289993,236.410004,235.702362,24358400
2019-10-21,237.520004,240.990005,237.320007,240.509995,239.790085,21811800
2019-10-22,241.160004,242.199997,239.619995,239.960007,239.241745,20573400
2019-10-23,242.100006,243.240005,241.220001,243.179993,242.452087,18957200
2019-10-24,244.509995,244.800003,241.809998,243.580002,242.850891,17318800
2019-10-25,243.160004,246.729996,242.880005,246.580002,245.841919,18369300
2019-10-28,247.419998,249.250000,246.720001,249.050003,248.304520,24143200
2019-10-29,248.970001,249.750000,242.570007,243.289993,242.561752,35709900
2019-10-30,244.759995,245.300003,241.210007,243.259995,242.531845,31130500
2019-10-31,247.240005,249.169998,237.259995,248.759995,248.015381,34790500
2019-11-01,249.539993,255.929993,249.160004,255.820007,255.054260,37781300
2019-11-04,257.329987,257.850006,255.380005,257.500000,256.729218,25818000
2019-11-05,257.049988,258.190002,256.320007,257.130005,256.360352,19974400
2019-11-06,256.769989,257.489990,255.369995,257.239990,256.470001,18966100
2019-11-07,258.739990,260.350006,258.109985,259.429993,259.429993,23735100
2019-11-08,258.690002,260.440002,256.850006,260.140015,260.140015,17496600
2019-11-11,258.299988,262.470001,258.279999,262.200012,262.200012,20455300
2019-11-12,261.549988,262.790009,260.920013,261.959991,261.959991,21847200
2019-11-13,261.130005,264.779999,261.070007,264.470001,264.470001,25683600
2019-11-14,263.750000,264.880005,262.100006,262.640015,262.640015,22295700
2019-11-15,263.679993,265.779999,263.010010,265.760010,265.760010,25051600
2019-11-18,265.799988,267.429993,264.230011,267.100006,267.100006,21675800
2019-11-19,267.899994,268.000000,265.390015,266.290009,266.290009,19041800
2019-11-20,265.540009,266.079987,260.399994,263.190002,263.190002,26558600
2019-11-21,263.690002,264.010010,261.179993,262.010010,262.010010,30348800
2019-11-22,262.589996,263.179993,260.839996,261.779999,261.779999,16331300
2019-11-25,262.709991,266.440002,262.519989,266.369995,266.369995,21005100
2019-11-26,266.940002,267.160004,262.500000,264.290009,264.290009,26301900
2019-11-27,265.579987,267.980011,265.309998,267.839996,267.839996,16308900
2019-11-29,266.600006,268.000000,265.899994,267.250000,267.250000,11654400
2019-12-02,267.269989,268.250000,263.450012,264.160004,264.160004,23621800
2019-12-03,258.309998,259.529999,256.290009,259.450012,259.450012,28607600
2019-12-04,261.070007,263.309998,260.679993,261.739990,261.739990,16795400
2019-12-05,263.790009,265.890015,262.730011,265.579987,265.579987,18606100
2019-12-06,267.480011,271.000000,267.299988,270.709991,270.709991,26518900
2019-12-09,270.000000,270.799988,264.910004,266.920013,266.920013,32010600
2019-12-10,268.600006,270.070007,265.859985,268.480011,268.480011,22605100
2019-12-11,268.809998,271.100006,268.500000,270.769989,270.769989,19689200
2019-12-12,267.779999,272.559998,267.320007,271.459991,271.459991,34327600
2019-12-13,271.459991,275.299988,270.929993,275.149994,275.149994,33396900
2019-12-16,277.000000,280.790009,276.980011,279.859985,279.859985,32046500
2019-12-17,279.570007,281.769989,278.799988,280.410004,280.410004,28539600
2019-12-18,279.799988,281.899994,279.119995,279.739990,279.739990,29007100
2019-12-19,279.500000,281.179993,278.950012,280.019989,280.019989,24592300
2019-12-20,282.230011,282.649994,278.559998,279.440002,279.440002,68994500
2019-12-23,280.529999,284.250000,280.369995,284.000000,284.000000,24643000
2019-12-24,284.690002,284.890015,282.920013,284.269989,284.269989,12119700
2019-12-26,284.820007,289.980011,284.700012,289.910004,289.910004,23280300
2019-12-27,291.119995,293.970001,288.119995,289.799988,289.799988,36566500
2019-12-30,289.459991,292.690002,285.220001,291.519989,291.519989,36028600
2019-12-31,289.929993,293.679993,289.519989,293.649994,293.649994,25201400
2020-01-02,296.239990,300.600006,295.190002,300.350006,300.350006,33870100
2020-01-03,297.149994,300.579987,296.500000,297.429993,297.429993,36580700
2020-01-06,293.790009,299.959991,292.750000,299.799988,299.799988,29596800
2020-01-07,299.839996,300.899994,297.480011,298.390015,298.390015,27218000
2020-01-08,297.160004,304.440002,297.160004,303.190002,303.190002,33019800
2020-01-09,307.239990,310.429993,306.200012,309.630005,309.630005,42527100
2020-01-10,310.600006,312.670013,308.250000,310.329987,310.329987,35161200
2020-01-13,311.640015,317.070007,311.149994,316.959991,316.959991,30383000
2020-01-14,316.700012,317.570007,312.170013,312.679993,312.679993,40488600
2020-01-15,311.850006,315.500000,309.549988,311.339996,311.339996,30480900
2020-01-16,313.589996,315.700012,312.089996,315.239990,315.239990,27207300
2020-01-17,316.269989,318.739990,315.000000,318.730011,318.730011,34454100
2020-01-21,317.190002,319.019989,316.000000,316.570007,316.570007,27710800
2020-01-22,318.579987,319.989990,317.309998,317.700012,317.700012,25458100
2020-01-23,317.920013,319.559998,315.649994,319.230011,319.230011,26118000
2020-01-24,320.250000,323.329987,317.519989,318.309998,318.309998,36634400
2020-01-27,310.059998,311.769989,304.880005,308.950012,308.950012,40485000
2020-01-28,312.600006,318.399994,312.190002,317.690002,317.690002,40558500
2020-01-29,324.450012,327.850006,321.380005,324.339996,324.339996,54057300
